100100009506
100100002518
100100010750
100100011641
100100011779
100100010678
100100011834
100100009428
100100010375
100100012051
100100010144
100100003780
100100006381
100100005708
100100000941
100100001843
100100010046
100100002306
100100004411
100100006113
100100010757
100100006683
100100001321
100100001363
100100009994
100100011604
100100006068
100100002679
100100001606
100100008319
100100003489
100100008881
100100000015
100100001331
100100003834
100100006747
100100007973
100100003073
100100001955
100100003756
100100008678
100100007251
100100005666
100100008749
100100011292
100100010507
100100000659
100100000981
100100006439
100100000464
100100005578
100100003691
100100001351
100100009583
100100006027
100100009258
100100000521
100100007935
100100006793
100100007475
100100010262
100100006313
100100007055
100100000093
100100011020
100100008208
100100007838
100100011069
100100008605
100100006351
100100006319
100100006126
100100001999
100100003099
100100009111
100100011946
100100007621
100100003482
100100003199
100100006058
100100000487
100100003501
100100002625
100100004927
100100010932
100100001160
100100009072
100100005609
100100002596
100100011671
100100008402
100100005652
100100007270
100100001762
100100010240
100100006411
100100000245
100100003030
100100006981
100100006072
100100006138
100100000033
100100001251
100100007677
100100008542
100100005172
100100006967
100100003923
100100001083
100100009016
100100008719
100100001322
100100010220
100100007361
100100004040
100100002211
100100002991
100100000544
100100010525
100100002821
100100008909
100100003398
100100000700
100100007785
100100007011
100100008887
100100010450
100100000711
100100007754
100100001155
100100000122
100100001163
100100007228
100100000845
100100008169
100100000716
100100008325
100100010152
100100000008
100100002275
100100002904
100100007107
100100008221
100100003599
100100005526
100100008965
100100003410
100100004223
100100006861
100100005843
100100002576
100100002326
100100005803
100100004749
100100010119
100100005470
100100011038
100100006128
100100006853
100100003086
100100006859
100100000830
100100001308
100100011320
100100010434
100100011232
100100008162
100100002918
100100000330
100100007009
100100010929
100100008961
100100006151
100100000853
100100011249
100100006833
100100000146
100100004328
100100010510
100100002189
100100010914
100100007669
100100005385
100100002168
100100001325
100100010219
100100002393
100100000387
100100009198
100100000619
100100001010
100100001598
100100000918
100100002304
100100011037
100100000062
100100005004
100100003317
100100004822
100100005941
100100010338
100100011326
100100010713
100100002537
100100005713
100100002268
100100001092
100100007290
100100008110
100100002893
100100011272
100100010061
100100006004
100100003439
100100000705
100100008408
100100005846
100100001132
100100007571
100100011288
100100006712
100100000877
100100006463
100100006901
100100001859
100100007315
100100006169
100100005597
100100005982
100100006246
100100006965
100100005524
100100005804
100100008541
100100006870
100100006873
100100008088
100100008327
100100007234
100100008261
100100008170
100100001829
100100012052
100100012053
100100008900
100100009857
100100008855
100100008575
100100004258
100100000835
100100012054
100100011115
100100000134
100100002563
100100008975
100100006948
100100007075
100100005472
100100006331
100100005447
100100004590
100100006117
100100010516
100100004068
100100003913
100100006843
100100005427
100100001796
100100004425
100100007116
100100006425
100100006810
100100007385
100100010595
100100001118
100100000610
100100006356
100100007472
100100004176
100100004507
100100000765
100100008578
100100008602
100100004222
100100005065
100100002447
100100010051
100100004780
100100005881
100100007134
100100004151
100100007721
100100004067
100100002017
100100006902
100100007453
100100002731
100100007403
100100001278
100100002429
100100007344
100100002334
100100007725
100100007680
100100012055
100100001131
100100009885
100100003223
100100012056
100100012057
100100006289
100100000915
100100003047
100100010512
100100003433
100100001595
100100006330
100100001205
100100001918
100100002720
100100001164
100100000094
100100000841
100100001055
100100001903
100100001148
100100003132
100100001496
100100000063
100100003213
100100003443
100100002338
100100000264
100100000156
100100006259
100100002156
100100000051
100100002954
100100000876
100100009068
100100001503
100100003415
100100002127
100100002087
100100000304
100100000698
100100002015
100100000843
100100000210
100100000067
100100000195
100100002686
100100003658
100100001887
100100002920
100100003367
100100002216
100100001402
100100001329
100100000193
100100001210
100100000289
100100001270
100100001565
100100000081
100100000666
100100000500
100100005646
100100001146
100100008024
100100011639
100100001258
100100000115
100100004445
100100001597
100100002307
100100007192
100100008810
100100006423
100100004785
100100008787
100100006922
100100009278
100100003225
100100005770
100100005514
100100007427
100100010756
100100002642
100100002441
100100003311
100100000724
100100012058
100100009551
100100010378
100100001048
100100012059
100100001481
100100003723
100100007890
100100009237
100100009477
100100002018
100100002659
100100010919
100100011181
100100000836
100100008384
100100002771
100100012060
100100012061
100100009663
100100011126
100100011214
100100011195
100100010120
100100010417
100100008960
100100003380
100100009989
100100009827
100100012062
100100012063
100100001757
100100001027
100100006660
100100005812
100100000368
100100003366
100100001543
100100000833
100100000331
100100001384
100100004465
100100003593
100100007564
100100010975
100100001143
100100011427
100100008333
100100002524
100100011944
100100006940
100100011803
100100012064
100100003446
100100012065
100100004378
100100011425
100100009560
100100011753
100100001444
100100005882
100100012066
100100007000
100100012067
100100003868
100100011357
100100004213
100100000394
100100003360
100100006903
100100001777
100100008342
100100008738
100100005321
100100002226
100100001508
100100001433
100100001754
100100001921
100100003639
100100005286
100100000996
100100000232
100100000265
100100002105
100100000769
100100000050
100100003427
100100002333
100100000413
100100002261
100100002818
100100010810
100100002376
100100011500
100100009460
100100011825
100100000726
100100001844
100100002238
100100001283
100100001265
100100004132
100100002014
100100005508
100100003493
100100005694
100100005840
100100007163
100100006250
100100007652
100100006668
100100000543
100100007217
100100000796
100100002561
100100005122
100100001042
100100010906
100100001681
100100002394
100100000939
100100000923
100100001253
100100001408
100100002254
100100001666
100100002028
100100000004
100100002019
100100000461
100100001296
100100002874
100100002398
100100002184
100100001212
100100001215
100100003063
100100003600
100100001645
100100002016
100100001114
100100003797
100100002971
100100001231
100100002303
100100002491
100100001962
100100002266
100100002181
100100003412
100100007757
100100004610
100100006568
100100000207
100100002481
100100011437
100100002249
100100000155
100100000650
100100006024
100100003978
100100003455
100100001634
100100004506
100100002175
100100000317
100100003738
100100001361
100100003252
100100004062
100100004290
100100002629
100100004337
100100000414
100100000626
100100002929
100100000460
100100001011
100100002431
100100000019
100100003574
100100000847
100100002174
100100002675
100100006480
100100002060
100100001482
100100005109
100100003524
100100000172
100100001318
100100001264
100100001928
100100001707
100100000234
100100002332
100100005686
100100006392
100100007194
100100006716
100100011953
100100011775
100100011569
100100011229
100100010958
100100011008
100100011108
100100001591
100100009718
100100006588
100100009312
100100008783
100100009333
100100009112
100100007965
100100006013
100100005121
100100005467
100100005579
100100004233
100100002121
100100003873
100100001413
100100006243
100100001347
100100004466
100100000192
100100001518
100100002519
100100003373
100100004717
100100000110
100100000030
100100005618
100100005927
100100005847
100100000926
100100005476
100100004757
100100002540
100100002142
100100002162
100100003750
100100001191
100100001366
100100001741
100100001515
100100005683
100100001587
100100001096
100100005580
100100005617
100100005794
100100005733
100100005704
100100003070
100100003752
100100002726
100100002639
100100011184
100100010396
100100003955
100100004012
100100010053
100100010359
100100001425
100100010256
100100001502
100100012068
100100010654
100100000932
100100000176
100100000401
100100000294
100100003667
100100001533
100100000187
100100002706
100100000723
100100002305
100100000310
100100011390
100100005642
100100001607
100100000126
100100010363
100100010597
100100010202
100100011605
100100010640
100100008132
100100008681
100100001753
100100005280
100100002400
100100004904
100100002294
100100005097
100100003138
100100003516
100100004549
100100005405
100100000727
100100005200
100100000664
100100000868
100100000340
100100000637
100100000286
100100001960
100100001181
100100000534
100100000862
100100006808
100100002061
100100005995
100100001229
100100011509
100100011722
100100002822
100100000831
100100000903
100100000328
100100000569
100100000870
100100000913
100100000048
100100000658
100100000583
100100003794
100100000203
100100001057
100100000770
100100000239
100100000973
100100000965
100100000481
100100001731
100100001914
100100001012
100100000316
100100000371
100100000065
100100000386
100100001398
100100000348
100100000493
100100000636
100100001094
100100001120
100100001050
100100000511
100100001706
100100000920
100100001927
100100000571
100100001447
100100001531
100100001074
100100000259
100100008181
100100009160
100100010603
100100006087
100100009553
100100000151
100100012069
100100012070
100100005297
100100003118
100100005237
100100012071
100100012072
100100011876
100100011743
100100009982
100100000851
100100008212
100100006095
100100004439
100100007195
100100005468
100100004783
100100005083
100100004704
100100006116
100100008036
100100006932
100100000255
100100006098
100100010573
100100008854
100100001217
100100007235
100100004300
100100008382
100100002090
100100001009
100100001651
100100001392
100100000497
100100000458
100100005316
100100005444
100100012073
100100012074
100100002378
100100001227
100100001633
100100000504
100100001860
100100004277
100100001233
100100001159
100100001147
100100002546
100100003631
100100005612
100100002711
100100003335
100100003046
100100005648
100100003702
100100006778
100100007189
100100003337
100100005402
100100005644
100100004190
100100001523
100100004970
100100003449
100100001954
100100001441
100100002219
100100011923
100100007874
100100009240
100100008568
100100001225
100100009038
100100012075
100100010487
100100008116
100100004111
100100000921
100100006266
100100004871
100100004463
100100004386
100100004576
100100003095
100100004034
100100012076
100100001758
100100001867
100100002083
100100010669
100100010960
100100010479
100100011281
100100011173
100100009464
100100007221
100100007135
100100003726
100100011417
100100010885
100100010822
100100010023
100100010126
100100009993
100100000329
100100000518
100100001969
100100000440
100100000163
100100001274
100100001317
100100004351
100100000365
100100002981
100100002913
100100000647
100100003187
100100000736
100100002214
100100000801
100100001805
100100000307
100100002104
100100000420
100100002136
100100001957
100100012077
100100005598
100100005216
100100008482
100100002807
100100007418
100100010393
100100006361
100100012078
100100007005
100100007736
100100009631
100100002270
100100003945
100100004308
100100007456
100100003561
100100008280
100100005089
100100001327
100100002158
100100009365
100100008288
100100006565
100100007819
100100008138
100100007092
100100005107
100100006867
100100005340
100100006487
100100008435
100100012079
100100001158
100100002543
100100002154
100100000649
100100001438
100100003089
100100001869
100100001100
100100002092
100100002435
100100003267
100100002557
100100008878
100100004488
100100004295
100100008948
100100009329
100100000068
100100011576
100100012080
100100002932
100100010453
100100012081
100100007679
100100004035
100100008928
100100008178
100100007310
100100006634
100100006919
100100011891
100100011339
100100010881
100100010895
100100002192
100100010200
100100010073
100100009449
100100003007
100100011864
100100010582
100100001439
100100000301
100100001139
100100001239
100100002362
100100001339
100100000177
100100003316
100100003149
100100003128
100100002786
100100011496
100100005724
100100003739
100100005095
100100003619
100100008074
100100012082
100100000202
100100004579
100100009959
100100007501
100100012083
100100000352
100100003454
100100002149
100100001538
100100005482
100100000899
100100001262
100100003093
100100004231
100100002915
100100004179
100100001315
100100002243
100100001323
100100002359
100100002341
100100003562
100100003707
100100004174
100100003636
100100004639
100100003609
100100005159
100100003456
100100003008
100100001085
100100002197
100100005325
100100003486
100100005492
100100005446
100100005301
100100005204
100100005178
100100004680
100100012084
100100002521
100100000953
100100001868
100100002990
100100000846
100100011125
100100000415
100100007612
100100001944
100100011223
100100012085
100100000893
100100001834
100100000450
100100001983
100100006188
100100005251
100100004483
100100004450
100100001304
100100000586
100100006112
100100003952
100100001624
100100000233
100100006677
100100005971
100100000946
100100001084
100100000220
100100003239
100100004347
100100003298
100100006229
100100004938
100100006700
100100003699
100100002009
100100000581
100100000005
100100003602
100100000635
100100012086
100100011336
100100003009
100100000614
100100000908
100100000036
100100006846
100100001390
100100000529
100100000098
100100003123
100100001926
100100000211
100100001662
100100004302
100100004276
100100001383
100100003919
100100003898
100100000706
100100002072
100100000867
100100000737
100100000588
100100001494
100100000318
100100000375
100100000088
100100001153
100100000595
100100000896
100100001140
100100005836
100100006559
100100004743
100100000514
100100005541
100100000217
100100001087
100100001771
100100000132
100100001625
100100000942
100100000799
100100002502
100100000790
100100000772
100100001514
100100001975
100100001553
100100001326
100100000120
100100001004
100100002309
100100001393
100100003534
100100002495
100100000480
100100001399
100100000688
100100010767
100100000102
100100012087
100100000525
100100002414
100100001879
100100001285
100100001126
100100001929
100100001248
100100000687
100100001404
100100000502
100100000584
100100012018
100100003777
100100000116
100100000519
100100000438
100100000441
100100000382
100100001289
100100000072
100100000725
100100000306
100100000733
100100000630
100100000436
100100000599
100100000364
100100000276
100100000970
100100000419
100100000274
100100000897
100100002798
100100001724
100100003681
100100003920
100100004499
100100003827
100100004461
100100004873
100100004796
100100002439
100100006064
100100005214
100100005871
100100004175
100100004911
100100004967
100100002784
100100005789
100100004467
100100001038
100100005071
100100004944
100100004940
100100004171
100100001313
100100003120
100100001798
100100012088
100100000244
100100000982
100100000045
100100009838
100100000040
100100000135
100100000235
100100001779
100100000305
100100000108
100100000097
100100000142
100100001161
100100000979
100100000381
100100000372
100100000144
100100000056
100100011511
100100005571
100100000475
100100000112
100100003487
100100002578
100100002885
100100012089
100100009150
100100002964
100100002183
100100004373
100100001949
100100001484
100100006580
100100007101
100100000395
100100002739
100100002206
100100004224
100100001943
100100000582
100100002723
100100000712
100100006690
100100003109
100100002813
100100001776
100100001480
100100002367
100100001959
100100010931
100100004127
100100007374
100100012090
100100010601
100100005778
100100000243
100100003508
100100000384
100100000661
100100000113
100100001990
100100001794
100100011727
100100011617
100100011072
100100004729
100100000686
100100010896
100100010527
100100009891
100100009707
100100008521
100100006752
100100009296
100100001424
100100005496
100100005961
100100008431
100100008450
100100004447
100100001314
100100005842
100100004977
100100004587
100100004857
100100004845
100100004428
100100004452
100100002883
100100004090
100100004195
100100000788
100100001676
100100003603
100100002830
100100002150
100100001688
100100002225
100100002710
100100010575
100100008401
100100004910
100100002190
100100006292
100100002191
100100006982
100100008313
100100000785
100100004907
100100000578
100100007933
100100000781
100100004855
100100001792
100100000291
100100002177
100100006686
100100005357
100100002425
100100006535
100100002734
100100008505
100100005078
100100008923
100100001968
100100009322
100100004562
100100001579
100100004712
100100003533
100100004613
100100003646
100100006772
100100005600
100100003308
100100005117
100100000153
100100000183
100100000866
100100000037
100100000535
100100000054
100100000411
100100000448
100100000444
100100000670
100100000311
100100006297
100100000290
100100006630
100100002058
100100011048
100100012091
100100008723
100100008283
100100003207
100100000540
100100007682
100100009472
100100001619
100100002120
100100009432
100100005547
100100008260
100100010283
100100005626
100100009984
100100010245
100100008084
100100011306
100100012092
100100000225
100100004054
100100002587
100100004205
100100000574
100100003622
100100011303
100100008231
100100010930
100100011352
100100002155
100100012093
100100010731
100100010743
100100007938
100100007893
100100002356
100100010496
100100004400
100100004214
100100000545
100100007801
100100008439
100100006743
100100004742
100100006725
100100006158
100100005521
100100005633
100100004798
100100000961
100100002776
100100005549
100100004430
100100004301
100100012094
100100009484
100100011849
100100011740
100100011594
100100011083
100100006409
100100010490
100100010538
100100010238
100100010343
100100010326
100100001603
100100000251
100100001743
100100001828
100100003790
100100001979
100100008041
100100003407
100100003902
100100002652
100100002433
100100003319
100100008706
100100004902
100100008908
100100006070
100100004164
100100008851
100100002255
100100009256
100100008816
100100009047
100100008954
100100008625
100100012095
100100008448
100100012096
100100005938
100100004572
100100011193
100100001643
100100005201
100100003890
100100006878
100100008303
100100012097
100100010586
100100010688
100100010942
100100000742
100100001934
100100004908
100100001950
100100005060
100100012098
100100010400
100100011567
100100000768
100100008608
100100011090
100100010233
100100004021
100100010923
100100007289
100100010807
100100008463
100100010279
100100009794
100100004493
100100001875
100100005926
100100010733
100100007318
100100011029
100100006088
100100007122
100100009861
100100004113
100100010719
100100001982
100100002949
100100001871
100100005002
100100006141
100100003302
100100010229
100100009655
100100007447
100100010084
100100008323
100100007895
100100007955
100100007841
100100001099
100100010007
100100010203
100100011245
100100009388
100100012099
100100000479
100100002351
100100000138
100100003531
100100003826
100100001808
100100003260
100100002269
100100000353
100100008744
100100012100
100100010639
100100005438
100100002845
100100003178
100100007906
100100001175
100100003136
100100001699
100100004827
100100006528
100100008240
100100012101
100100000722
100100000308
100100001028
100100000463
100100000285
100100000168
100100000672
100100000398
100100000508
100100000345
100100000528
100100000597
100100000268
100100001336
100100008462
100100010038
100100009789
100100010113
100100009906
100100007664
100100011287
100100012102
100100002499
100100003578
100100000356
100100003096
100100000987
100100000617
100100002583
100100000729
100100001555
100100003659
100100003870
100100000852
100100001036
100100002909
100100003830
100100002936
100100002724
100100001525
100100001696
100100003497
100100003343
100100001752
100100011552
100100006031
100100000205
100100012103
100100003085
100100006252
100100005826
100100005773
100100001800
100100000644
100100004571
100100003587
100100001622
100100003426
100100010362
100100011375
100100010530
100100011192
100100003156
100100010797
100100010398
100100010765
100100010308
100100010876
100100010677
100100010495
100100008788
100100010247
100100000131
100100004585
100100010571
100100001386
100100005215
100100000646
100100006841
100100007276
100100007825
100100004795
100100005831
100100002109
100100008519
100100007944
100100002204
100100001409
100100007198
100100010775
100100003590
100100000609
100100000937
100100008530
100100012104
100100003673
100100006123
100100000198
100100003021
100100002212
100100002424
100100003361
100100003405
100100009401
100100001562
100100007384
100100001346
100100001578
100100000925
100100003040
100100000678
100100001247
100100000074
100100002099
100100001025
100100001435
100100001922
100100001716
100100001744
100100000665
100100001608
100100001513
100100005499
100100009164
100100009797
100100010370
100100011132
100100012105
100100000782
100100002388
100100005130
100100005771
100100003662
100100005456
100100008804
100100002792
100100000178
100100002630
100100004414
100100001586
100100002573
100100002879
100100001559
100100001168
100100001841
100100006299
100100011701
100100001297
100100010584
100100003568
100100005003
100100001613
100100000786
100100002005
100100009199
100100010384
100100010130
100100008912
100100002631
100100001479
100100009712
100100001077
100100000575
100100002210
100100000538
100100000221
100100010210
100100002698
100100006471
100100006204
100100003365
100100011092
100100000936
100100003940
100100006091
100100008245
100100002222
100100003198
100100006386
100100008730
100100004653
100100000150
100100008549
100100007739
100100009728
100100010266
100100010524
100100010436
100100010652
100100010705
100100010845
100100009851
100100011981
100100004666
100100005562
100100000683
100100002922
100100003664
100100004303
100100003674
100100002626
100100004948
100100004280
100100003041
100100004768
100100002718
100100002877
100100003648
100100004137
100100005048
100100004036
100100007402
100100005540
100100007088
100100004357
100100006566
100100005282
100100000105
100100012106
100100007917
100100008997
100100012107
100100010941
100100008081
100100000023
100100000145
100100000663
100100000260
100100000179
100100000292
100100000758
100100011330
100100011731
100100005563
100100011345
100100009607
100100011062
100100011491
100100005382
100100002038
100100011419
100100003084
100100011678
100100007999
100100010986
100100006261
100100010889
100100011387
100100011182
100100011563
100100011561
100100006856
100100011733
100100011526
100100010522
100100011888
100100011883
100100012108
100100010429
100100005120
100100002186
100100001501
100100008976
100100002488
100100005653
100100004966
100100000229
100100005966
100100003860
100100007812
100100002446
100100007057
100100009876
100100007771
100100009603
100100012109
100100009121
100100000766
100100004532
100100006666
100100002536
100100010418
100100010011
100100006855
100100004376
100100000191
100100007196
100100006549
100100002430
100100004843
100100008151
100100002293
100100004271
100100006896
100100004100
100100000964
100100002585
100100005422
100100004474
100100005528
100100009310
100100004815
100100009382
100100006183
100100002982
100100012110
100100010615
100100005917
100100010716
100100011159
100100003312
100100012111
100100010642
100100003182
100100002702
100100007720
100100003172
100100006029
100100005362
100100002010
100100007635
100100008301
100100011793
100100009646
100100009167
100100010742
100100003087
100100007006
100100009692
100100000576
100100000616
100100000811
100100000774
100100000373
100100000354
100100000256
100100006274
100100007017
100100012112
100100003928
100100009158
100100006226
100100004790
100100004794
100100004650
100100004420
100100009853
100100010548
100100012113
100100012114
100100002682
100100001395
100100006080
100100008441
100100012115
100100012116
100100007051
100100005023
100100001192
100100009208
100100002960
100100006395
100100004114
100100005994
100100003259
100100009406
100100009493
100100000455
100100009593
100100007080
100100009272
100100006816
100100004621
100100001574
100100009384
100100009074
100100009067
100100009021
100100008941
100100007238
100100009905
100100004727
100100001109
100100008415
100100008737
100100008069
100100008192
100100008163
100100001185
100100000690
100100001915
100100001797
100100001287
100100002040
100100007023
100100007719
100100007499
100100009045
100100003846
100100003168
100100002865
100100000447
100100001176
100100010600
100100011187
100100007432
100100003557
100100001049
100100004388
100100002157
100100009504
100100009939
100100008160
100100010282
100100010874
100100005797
100100010657
100100000186
100100001689
100100010549
100100000983
100100003029
100100003043
100100000366
100100000299
100100000542
100100000459
100100005383
100100002475
100100006803
100100006805
100100006173
100100005546
100100005510
100100000257
100100011900
100100006185
100100003745
100100002152
100100001260
100100005206
100100003362
100100002193
100100001279
100100003799
100100000697
100100001365
100100004109
100100003218
100100003494
100100001333
100100002462
100100001704
100100012117
100100009060
100100012118
100100008098
100100012119
100100012120
100100002118
100100012121
100100011964
100100011951
100100007062
100100002901
100100012122
100100012123
100100012124
100100011443
100100007807
100100011358
100100002285
100100002182
100100000783
100100000066
100100001740
100100000137
100100000607
100100008495
100100002081
100100010341
100100009250
100100009613
100100009572
100100009660
100100009346
100100006749
100100011314
100100011420
100100010335
100100012125
100100012126
100100002985
100100005104
100100005389
100100003583
100100005502
100100003477
100100003071
100100007100
100100007645
100100012127
100100011119
100100012128
100100002733
100100008527
100100009548
100100005351
100100000924
100100006093
100100006628
100100005662
100100012129
100100008956
100100011819
100100002732
100100008902
100100009483
100100001936
100100011872
100100004216
100100001548
100100006583
100100006359
100100001593
100100005606
100100006933
100100007279
100100007368
100100006394
100100003944
100100004503
100100004553
100100001364
100100009996
100100009557
100100010394
100100009377
100100008124
100100000281
100100003851
100100006288
100100002951
100100002568
100100005835
100100004092
100100003403
100100004755
100100003947
100100003637
100100001471
100100006405
100100006344
100100001899
100100006611
100100005974
100100010473
100100001772
100100000740
100100001177
100100001259
100100001856
100100000147
100100006307
100100002989
100100001695
100100007750
100100007410
100100012130
100100011349
100100003275
100100007717
100100004916
100100007761
100100009109
100100002564
100100008307
100100002474
100100006120
100100005295
100100006071
100100003831
100100004999
100100003351
100100004893
100100000594
100100000096
100100012131
100100003649
100100002472
100100000261
100100002468
100100002600
100100003884
100100000361
100100000568
100100001460
100100005164
100100005346
100100005291
100100011449
100100007434
100100010381
100100008995
100100004457
100100004722
100100001014
100100005062
100100005217
100100003891
100100004449
100100005318
100100004323
100100005069
100100003167
100100004677
100100003841
100100005039
100100000660
100100004912
100100005086
100100002878
100100005221
100100005110
100100005063
100100004972
100100004813
100100004744
100100004120
100100006523
100100010506
100100002259
100100002823
100100006742
100100004140
100100007395
100100005420
100100005822
100100006428
100100002685
100100006608
100100001249
100100000326
100100001196
100100000641
100100001213
100100000909
100100000761
100100000524
100100011096
100100002075
100100007947
100100001910
100100002470
100100012132
100100000363
100100000262
100100000129
100100000871
100100000118
100100000748
100100000392
100100000028
100100000277
100100001303
100100000912
100100000764
100100000488
100100005388
100100000161
100100002101
100100007660
100100010304
100100004172
100100004950
100100008017
100100009621
100100010989
100100007032
100100010166
100100006917
100100004702
100100001340
100100001252
100100011150
100100001703
100100011098
100100011088
100100011064
100100008958
100100011004
100100010695
100100002111
100100007594
100100006466
100100006285
100100000254
100100003201
100100000546
100100012133
100100010430
100100010647
100100008565
100100001162
100100009228
100100012134
100100007138
100100005643
100100010463
100100006009
100100010618
100100005744
100100007291
100100012135
100100010866
100100006358
100100011486
100100011155
100100009215
100100002567
100100007502
100100010613
100100010337
100100010264
100100006449
100100001255
100100001649
100100000334
100100007904
100100005542
100100006729
100100007265
100100005813
100100008195
100100005821
100100004895
100100009201
100100012010
100100009235
100100006417
100100009756
100100004548
100100005145
100100009023
100100003124
100100009462
100100008009
100100006354
100100009580
100100010854
100100000201
100100000974
100100000587
100100004888
100100003146
100100005283
100100007836
100100011135
100100010962
100100002358
100100012136
100100003948
100100002782
100100010912
100100010456
100100010274
100100003246
100100002605
100100004275
100100001232
100100000969
100100006717
100100003869
100100003853
100100000929
100100002380
100100011156
100100007952
100100011991
100100002787
100100006606
100100008392
100100006017
100100009596
100100000422
100100002608
100100012137
100100011307
100100006520
100100004723
100100004892
100100008418
100100009772
100100010629
100100002892
100100001389
100100006483
100100006893
100100010576
100100010715
100100010674
100100010635
100100010475
100100010364
100100005010
100100000854
100100009165
100100000648
100100002703
100100001432
100100006369
100100000405
100100008640
100100009358
100100008247
100100004103
100100001549
100100008870
100100008213
100100004052
100100010703
100100009824
100100012138
100100000613
100100002064
100100001119
100100000564
100100011977
100100011949
100100012139
100100005326
100100001889
100100012140
100100007909
100100006999
100100005936
100100004184
100100004694
100100006662
100100010762
100100000476
100100010632
100100002514
100100001449
100100001056
100100000143
100100000558
100100001186
100100000810
100100000404
100100010590
100100010424
100100005080
100100003179
100100000590
100100003028
100100005601
100100008252
100100002108
100100001184
100100000931
100100002296
100100002569
100100002742
100100003445
100100001486
100100011664
100100010100
100100000468
100100003438
100100005920
100100007808
100100007795
100100008217
100100006504
100100007016
100100007039
100100007772
100100003842
100100002223
100100001814
100100010458
100100000111
100100010736
100100005888
100100011285
100100002912
100100012141
100100007492
100100005143
100100003628
100100000377
100100001154
100100004385
100100003375
100100000490
100100001137
100100000675
100100006270
100100007094
100100001572
100100006602
100100004542
100100010950
100100000829
100100003072
100100009470
100100001040
100100009590
100100007707
100100009295
100100009604
100100008219
100100001853
100100011578
100100011351
100100007934
100100002339
100100006336
100100000424
100100010183
100100001428
100100010614
100100012142
100100002310
100100007867
100100008064
100100006633
100100006838
100100003105
100100003821
100100010933
100100000022
100100001655
100100000335
100100006913
100100011494
100100002927
100100000223
100100011227
100100006781
100100003097
100100012143
100100000674
100100003519
100100012144
100100006301
100100010578
100100008523
100100007373
100100004825
100100003506
100100003150
100100003651
100100011975
100100004153
100100006174
100100008563
100100011672
100100011559
100100009219
100100001200
100100009179
100100004471
100100007236
100100008864
100100005792
100100004606
100100000935
100100002728
100100007421
100100005179
100100005414
100100003236
100100010273
100100007967
100100000314
100100001594
100100001816
100100001545
100100000427
100100001017
100100011847
100100011265
100100011693
100100010165
100100009325
100100011577
100100004812
100100007468
100100007650
100100005371
100100006195
100100002059
100100012026
100100009360
100100007786
100100010094
100100000190
100100001108
100100000654
100100001104
100100000496
100100000416
100100011739
100100002774
100100004700
100100009773
100100009405
100100011853
100100000213
100100001420
100100003419
100100005194
100100004459
100100006649
100100003866
100100008479
100100010173
100100011040
100100000407
100100010567
100100002558
100100010071
100100008227
100100002369
100100007992
100100011584
100100011364
100100001178
100100009636
100100009945
100100009573
100100009487
100100002511
100100012145
100100007822
100100011638
100100006390
100100007584
100100007111
100100007252
100100009375
100100012146
100100009332
100100012147
100100003065
100100000449
100100003111
100100001187
100100009873
100100010557
100100007742
100100002769
100100008714
100100002597
100100006551
100100004136
100100003372
100100002346
100100012148
100100012149
100100007132
100100012150
100100000431
100100000767
100100000628
100100003053
100100012151
100100000951
100100000159
100100001839
100100007991
100100005969
100100001418
100100001650
100100001071
100100003206
100100006946
100100009195
100100000344
100100005076
100100012152
100100012153
100100000136
100100003250
100100003184
100100001497
100100010903
100100009399
100100000099
100100005053
100100009998
100100002227
100100006506
100100004636
100100000478
100100000199
100100011100
100100006066
100100003051
100100008834
100100004182
100100002137
100100006557
100100007183
100100007113
100100012154
100100002007
100100008524
100100008501
100100008545
100100007078
100100010740
100100004775
100100011527
100100012155
100100001041
100100000103
100100000226
100100001306
100100006228
100100003171
100100000532
100100002340
100100010891
100100010754
100100011957
100100011751
100100010878
100100003795
100100012156
100100007794
100100008113
100100004667
100100008341
100100012157
100100007883
100100012158
100100008405
100100008910
100100006737
100100008570
100100002868
100100001256
100100012159
100100012160
100100011762
100100012161
100100002607
100100008434
100100009474
100100004211
100100004197
100100009270
100100004688
100100010353
100100011153
100100011112
100100005833
100100010591
100100006906
100100011862
100100003026
100100004539
100100000275
100100007559
100100001098
100100001272
100100012162
100100004971
100100010734
100100010706
100100010685
100100005090
100100005311
100100009606
100100001940
100100001627
100100010521
100100009544
100100012163
100100005844
100100001422
100100003880
100100003845
100100001128
100100004284
100100006108
100100000149
100100006159
100100001571
100100005208
100100003686
100100012164
100100009855
100100004325
100100003125
100100000822
100100000653
100100011488
100100005545
100100000390
100100005077
100100001604
100100010145
100100009775
100100011523
100100010837
100100010662
100100003022
100100011436
100100004072
100100004745
100100000988
100100006008
100100006959
100100007025
100100006915
100100010190
100100010075
100100004418
100100010497
100100010916
100100011934
100100012165
100100012166
100100011032
100100008008
100100000539
100100002253
100100010386
100100004495
100100005768
100100000236
100100005029
100100012167
100100005111
100100012168
100100006050
100100007131
100100007337
100100000325
100100012169
100100012170
100100008481
100100001542
100100001335
100100008104
100100000794
100100001097
100100004122
100100010228
100100001702
100100000721
100100004321
100100003573
100100012171
100100011801
100100000957
100100012172
100100009676
100100009680
100100009664
100100009649
100100009366
100100005858
100100010309
100100009520
100100010160
100100012173
100100010744
100100012174
100100000180
100100000267
100100012175
100100005908
100100012176
100100009579
100100003048
100100001406
100100006687
100100008085
100100008429
100100008540
100100006839
100100009041
100100001174
100100011183
100100010581
100100011023
100100011892
100100002465
100100011169
100100009233
100100010139
100100005916
100100012177
100100001577
100100006167
100100003781
100100002577
100100003345
100100003992
100100003577
100100006694
100100005915
100100006256
100100005466
100100005798
100100006722
100100008646
100100010825
100100008721
100100006039
100100008705
100100006296
100100001206
100100008478
100100003571
100100005693
100100010218
100100008397
100100008114
100100000531
100100000214
100100008572
100100011250
100100008922
100100010753
100100007154
100100009714
100100012178
100100007993
100100010349
100100009647
100100006952
100100004057
100100004469
100100011244
100100002170
100100010630
100100000332
100100003889
100100010033
100100003991
100100011879
100100004065
100100005911
100100001602
100100005818
100100007685
100100009093
100100008353
100100008548
100100000246
100100005243
100100004842
100100004946
100100001535
100100000643
100100001788
100100001354
100100010772
100100005400
100100006635
100100009213
100100011633
100100000117
100100007535
100100001848
100100004924
100100003401
100100008156
100100008974
100100008593
100100001532
100100005240
100100004672
100100005366
100100005011
100100012179
100100003503
100100006735
100100008152
100100005952
100100004363
100100012180
100100002719
100100012181
100100001909
100100010880
100100012182
100100006203
100100005072
100100007871
100100006245
100100005788
100100008774
100100007864
100100003766
100100003057
100100010030
100100004669
100100004361
100100007619
100100000745
100100011079
100100006616
100100000494
100100004437
100100006783
100100005719
100100006751
100100007980
100100005367
100100007036
100100002021
100100000337
100100009555
100100012183
100100009517
100100012184
100100012185
100100005910
100100012186
100100002745
100100009576
100100006380
100100002896
100100008230
100100004728
100100006422
100100009936
100100004099
100100006102
100100005960
100100011332
100100009217
100100004748
100100004329
100100012187
100100012188
100100000995
100100011003
100100010116
100100012189
100100012190
100100010223
100100001359
100100002357
100100012191
100100008480
100100002970
100100003121
100100010110
100100007377
100100001893
100100010443
100100009901
100100006544
100100010908
100100010477
100100011380
100100000302
100100004423
100100009900
100100002628
100100012192
100100011698
100100002445
100100011343
100100010280
100100003975
100100010890
100100008464
100100007582
100100002395
100100012193
100100006774
100100009289
100100006764
100100011309
100100005878
100100009865
100100010788
100100012194
100100012195
100100001620
100100010781
100100012196
100100001855
100100001039
100100006502
100100003510
100100011593
100100011628
100100000547
100100000279
100100012197
100100000589
100100002714
100100011747
100100011490
100100012198
100100004359
100100009811
100100009725
100100001609
100100012199
100100012200
100100003629
100100012201
100100010786
100100004991
100100011599
100100012202
100100009064
100100011450
100100010844
100100000651
100100005457
100100012203
100100010036
100100002527
100100004754
100100003655
100100008215
100100003616
100100010992
100100010297
100100012204
100100004589
100100000039
100100011524
100100010897
100100006618
100100010187
100100012205
100100012206
100100001507
100100012207
100100004393
100100001117
100100003133
100100004305
100100000228
100100006734
100100006985
100100000977
100100010764
100100002612
100100009709
100100008964
100100005745
100100012208
100100003092
100100012209
100100010520
100100000154
100100012210
100100012211
100100006541
100100009950
100100000252
100100005688
100100008576
100100005473
100100002644
100100012212
100100006271
100100005706
100100006573
100100009777
100100012213
100100008658
100100010369
100100010501
100100003588
100100005175
100100005186
100100004766
100100012214
100100012215
100100000209
100100009744
100100012216
100100012217
100100010176
100100010002
100100011781
100100002029
100100012218
100100003228
100100008617
100100007580
100100010996
100100012219
100100010546
100100012220
100100012221
100100004281
100100010963
100100010491
100100012222
100100003626
100100008775
100100008361
100100008829
100100012223
100100012224
100100012225
100100010604
100100010376
100100007030
100100012226
100100000668
100100000157
100100003488
100100012227
100100012228
100100004693
100100008867
100100008726
100100006346
100100002917
100100009311
100100004891
100100003903
100100005561
100100004003
100100012229
100100010626
100100008606
100100008874
100100010389
100100008940
100100002882
100100012230
100100012231
100100003960
100100009189
100100003634
100100005025
100100009913
100100010413
100100008801
100100012232
100100012233
100100001865
100100005753
100100007715
100100011440
100100005823
100100009566
100100010944
100100009211
100100003142
100100002617
100100008171
100100010863
100100009096
100100002094
100100012234
100100012235
100100008318
100100011190
100100012236
100100009317
100100009491
100100010022
100100007045
100100011663
100100012237
100100003544
100100008947
100100012238
100100012239
100100012240
100100012241
100100008533
100100003734
100100012242
100100012243
100100012244
100100012245
100100009275
100100003237
100100008632
100100012246
100100001019
100100006414
100100006574
100100008580
100100009281
100100012247
100100006721
100100009639
100100005199
100100005656
100100002530
100100012248
100100002302
100100003144
100100011143
100100003257
100100012249
100100000024
100100012250
100100012251
100100011421
100100012252
100100012253
100100012254
100100000631
100100009154
100100011745
100100000714
100100000012
100100009171
100100004665
100100001616
100100007367
100100001845
100100012255
100100005934
100100003116
100100007782
100100008993
100100002080
100100011598
100100008216
100100008048
100100007820
100100012256
100100000606
100100005032
100100012257
100100010599
100100012258
100100011822
100100012259
100100009538
100100006831
100100001658
100100003565
100100003475
100100003334
100100003119
100100011474
100100008014
100100012260
100100008980
100100010830
100100012261
100100012262
100100011720
100100012263
100100010243
100100012264
100100011642
100100008760
100100006658
100100002604
100100003450
100100009657
100100008806
100100004440
100100012265
100100012266
100100005375
100100000629
100100000780
100100009502
100100012267
100100012268
100100010925
100100012269
100100000322
100100012270
100100001823
100100012271
100100012272
100100001756
100100001334
100100011052
100100000393
100100011266
100100005068
100100012273
100100012274
100100006217
100100012275
100100008153
100100012276
100100006971
100100008616
100100007174
100100010390
100100012277
100100000685
100100000061
100100007188
100100012278
100100007704
100100010927
100100001685
100100002198
100100011690
100100004714
100100000825
100100011382
100100012279
100100009079
100100000735
100100008937
100100012280
100100011749
100100012281
100100002252
100100007394
100100008802
100100012282
100100008534
100100007627
100100006599
100100003875
100100011284
100100010327
100100012283
100100005854
100100012284
100100003163
100100006236
100100004797
100100012285
100100012286
100100001237
100100009847
100100012287
100100007191
100100004049
100100011677
100100008618
100100009864
100100009357
100100007701
100100012288
100100012289
100100012290
100100012291
100100006540
100100005817
100100005067
100100007654
100100005040
100100012292
100100005919
100100007219
100100005802
100100005096
100100011623
100100010216
100100012293
100100012294
100100012295
100100012296
100100011274
100100007915
100100012297
100100012298
100100008427
100100012299
100100005413
100100011001
100100010991
100100001764
100100011590
100100003036
100100004201
100100008254
100100009595
100100011130
100100007646
100100001292
100100003837
100100010738
100100006170
100100012300
100100004625
100100006513
100100001075
100100005278
100100012301
100100012302
100100004063
100100009581
100100005045
100100006763
100100000049
100100012303
100100012304
100100006820
100100011252
100100005544
100100012305
100100012306
100100011683
100100011673
100100012307
100100011205
100100010287
100100011381
100100012308
100100007974
100100012309
100100012310
100100010485
100100012311
100100011601
100100005141
100100012312
100100009306
100100005138
100100011080
100100012313
100100010795
100100009029
100100011622
100100008815
100100008499
100100012314
100100012315
100100012316
100100006681
100100011036
100100011019
100100012317
100100010452
100100011241
100100012318
100100001670
100100011721
100100007047
100100012319
100100009949
100100005764
100100002967
100100012320
100100001316
100100012321
100100003871
100100007407
100100002171
100100005452
100100009140
100100012322
100100012323
100100009643
100100007869
100100012324
100100006885
100100011545
100100012325
100100007586
100100001755
100100011489
100100012326
100100010255
100100003320
100100011937
100100012327
100100011013
100100012328
100100011816
100100002008
100100001277
100100011564
100100010153
100100003371
100100012329
100100012330
100100003542
100100000432
100100012331
100100000426
100100011737
100100005876
100100000343
100100011572
100100011031
100100012332
100100009815
100100012333
100100012334
100100005851
100100002313
100100008793
100100012335
100100012336
100100003737
100100005471
100100004824
100100001786
100100002503
100100012337
100100001820
100100005431
100100012338
100100003447
100100006931
100100012339
100100007112
100100012340
100100012341
100100012035
100100006210
100100011844
100100012342
100100010682
100100012343
100100011716
100100012344
100100007926
100100012345
100100004782
100100012346
100100012347
100100000076
100100008741
100100007907
100100006475
100100012348
100100012349
100100008667
100100011618
100100001661
100100012350
100100003157
100100012351
100100012352
100100008918
100100010628
100100006719
100100012353
100100010709
100100009176
100100006705
100100010686
100100003676
100100003347
100100003444
100100012354
100100002947
100100010435
100100001931
100100012355
100100008599
100100010331
100100012356
100100007870
100100000536
100100011794
100100012357
100100004095
100100012358
100100007484
100100012359
100100009193
100100012360
100100012361
100100012362
100100000266
100100012363
100100011920
100100012364
100100012365
100100000298
100100008525
100100005726
100100012366
100100006894
100100011189
100100012367
100100012368
100100012369
100100003803
100100002043
100100011889
100100006096
100100005937
100100005874
100100012370
100100012371
100100010484
100100011378
100100012372
100100003882
100100009266
100100003263
100100002444
100100011935
100100006889
100100004906
100100005253
100100011104
100100011283
100100010244
100100000980
100100009899
100100005505
100100011514
100100008295
100100008899
100100006470
100100001478
100100007300
100100009444
100100010352
100100012373
100100012374
100100001964
100100010235
100100004512
100100011433
100100011507
100100011917
100100010225
100100012375
100100011246
100100004988
100100007118
100100001981
100100000383
100100009673
100100000399
100100009698
100100003174
100100012376
100100012377
100100003451
100100012378
100100011757
100100000615
100100005632
100100012379
100100012380
100100000312
100100012381
100100012382
100100005783
100100008273
100100009075
100100012383
100100012384
100100012385
100100012386
100100011161
100100000754
100100012039
100100009878
100100006951
100100011648
100100012387
100100009862
100100012388
100100003321
100100012389
100100005424
100100006133
100100012390
100100002825
100100012391
100100007518
100100012392
100100011675
100100006512
100100012393
100100012394
100100004953
100100011629
100100011773
100100005322
100100012395
100100011994
100100007035
100100012396
100100006451
100100001221
100100012397
100100012398
100100012399
100100002047
100100002658
100100001454
100100002257
100100000300
100100012400
100100011376
100100012401
100100009368
100100002107
100100008959
100100001469
100100012402
100100011465
100100001596
100100001423
100100011319
100100012403
100100004372
100100009242
100100010656
100100012404
100100011316
100100012405
100100008955
100100012406
100100012407
100100012408
100100005729
100100001208
100100007378
100100003214
100100006746
100100009153
100100001202
100100012409
100100012410
100100012411
100100002579
100100008428
100100012412
100100012413
100100012414
100100012415
100100007308
100100011718
100100012416
100100007224
100100012417
100100009087
100100012418
100100012419
100100008504
100100012420
100100012421
100100012422
100100012423
100100012424
100100012425
100100009617
100100012426
100100012427
100100012428
100100010258
100100012429
100100012430
100100009622
100100008768
100100012431
100100006659
100100012432
100100012433
100100006190
100100001615
100100000047
100100012434
100100012435
100100012436
100100009887
100100012437
100100012438
100100000551
100100012439
100100010821
100100012440
100100011660
100100012441
100100010380
100100006943
100100012442
100100012443
100100012444
100100011234
100100002102
100100012445
100100001445
100100012446
100100007562
100100006680
100100012447
100100005924
100100012448
100100008279
100100010284
100100012449
100100010856
100100012450
100100011054
100100012451
100100002621
100100002169
100100012452
100100012453
100100009656
100100012454
100100011754
100100011799
100100003374
100100010721
100100010723
100100012455
100100007408
100100000477
100100003762
100100011653
100100011804
100100001911
100100011484
100100012456
100100001801
100100012457
100100002987
100100012458
100100002653
100100007798
100100011402
100100012459
100100010163
100100012460
100100007462
100100012461
100100005057
100100008237
100100012462
100100008337
100100012463
100100012464
100100012465
100100012466
100100012467
100100012468
100100012469
100100001411
100100007147
100100012470
100100012471
100100006830
100100012040
100100012472
100100012473
100100010519
100100012474
100100004443
100100012475
100100012476
100100012477
100100012478
100100004477
100100008459
100100012479
100100008838
100100012480
100100012481
100100012482
100100012483
100100005615
100100012484
100100007566
100100006107
100100006324
100100012485
100100012486
100100012487
100100000591
100100009186
100100012488
100100000669
100100006858
100100001847
100100011367
100100012489
100100000808
100100011445
100100012490
100100008704
100100012491
100100004331
100100001789
100100006046
100100012492
100100012493
100100012494
100100000752
100100012495
100100002713
100100000689
100100011906
100100012496
100100000812
100100012497
100100005483
100100012498
100100012499
100100000917
100100002461
100100006464
100100012500
100100012501
100100000971
100100000775
100100012502
100100012503
100100012504
100100003019
100100012505
100100012506
100100007008
100100001081
100100008933
100100009941
100100012507
100100012508
100100012509
100100001112
100100012510
100100012511
100100012512
100100001135
100100001631
100100004536
100100012513
100100012514
100100000632
100100008845
100100012515
100100010158
100100009598
100100012516
100100012517
100100001170
100100006804
100100011730
100100001511
100100005584
100100004862
100100012518
100100012519
100100012520
100100012521
100100012522
100100012523
100100007697
100100011222
100100012524
100100011171
100100012525
100100012526
100100009759
100100012527
100100000046
100100012528
100100008672
100100012529
100100007752
100100010276
100100007905
100100011289
100100012530
100100009547
100100002344
100100012531
100100011277
100100001079
100100010411
100100012532
100100009721
100100012533
100100012534
100100010209
100100007659
100100012535
100100001198
100100004196
100100009241
100100011095
100100011251
100100001216
100100012536
100100011235
100100012537
100100007420
100100010840
100100012538
100100006890
100100005820
100100011522
100100001230
100100012539
100100011002
100100012540
100100012541
100100012542
100100006199
100100007657
100100012543
100100012544
100100011515
100100012545
100100012546
100100009267
100100012547
100100000739
100100009407
100100008352
100100001372
100100002497
100100012548
100100009922
100100012549
100100001451
100100005649
100100012550
100100006907
100100009037
100100001474
100100011668
100100003038
100100012551
100100012552
100100012553
100100012554
100100006010
100100001491
100100004671
100100012555
100100010111
100100004207
100100012556
100100001527
100100008460
100100012557
100100012558
100100008603
100100012559
100100001581
100100012560
100100011704
100100012561
100100003153
100100012562
100100012563
100100001614
100100012564
100100012565
100100012566
100100001648
100100012567
100100000719
100100011679
100100011084
100100012568
100100012569
100100012570
100100012571
100100012572
100100001693
100100011271
100100012573
100100006448
100100009019
100100008229
100100012574
100100012575
100100005608
100100001722
100100012576
100100006249
100100012577
100100001747
100100012578
100100012579
100100007937
100100006089
100100012580
100100012581
100100011385
100100012582
100100011233
100100000215
100100012583
100100007312
100100011734
100100012584
100100010605
100100009727
100100009465
100100012585
100100012586
100100012587
100100001774
100100012588
100100003748
100100012589
100100012590
100100007423
100100012591
100100003760
100100009884
100100012592
100100003774
100100012593
100100008830
100100009339
100100012594
100100012595
100100003788
100100012596
100100012597
100100012598
100100012599
100100005806
100100003816
100100012600
100100003832
100100012601
100100008820
100100012602
100100004475
100100001223
100100003852
100100012603
100100008808
100100012604
100100012605
100100012606
100100012607
100100012608
100100012609
100100003872
100100008791
100100012610
100100000952
100100000570
100100012611
100100001840
100100003892
100100012612
100100012613
100100008782
100100008154
100100003916
100100012614
100100012615
100100012616
100100012617
100100007411
100100011774
100100003973
100100012618
100100008771
100100012619
100100012620
100100006656
100100009893
100100012621
100100003988
100100012622
100100012623
100100012624
100100004013
100100005716
100100012625
100100012626
100100005700
100100004032
100100004047
100100012627
100100011355
100100004058
100100006109
100100012628
100100011508
100100012629
100100012630
100100010909
100100012631
100100004075
100100009292
100100012632
100100012633
100100012634
100100012635
100100009435
100100003151
100100008758
100100012636
100100006872
100100012637
100100012638
100100012639
100100009318
100100012640
100100008751
100100005225
100100012641
100100012642
100100001295
100100012643
100100008747
100100012644
100100012645
100100012646
100100012647
100100008732
100100010045
100100012648
100100012649
100100006037
100100011043
100100006175
100100005930
100100008722
100100012650
100100012651
100100012652
100100012653
100100008710
100100012654
100100012655
100100006069
100100012656
100100012657
100100012658
100100008699
100100012659
100100011139
100100012660
100100012661
100100008688
100100009107
100100011612
100100004029
100100012662
100100012663
100100002820
100100008503
100100011061
100100008659
100100010552
100100005979
100100012664
100100001453
100100012665
100100000020
100100011321
100100012666
100100011735
100100012667
100100012668
100100001115
100100009562
100100012669
100100001015
100100012670
100100012671
100100012672
100100012673
100100002651
100100006156
100100012674
100100012675
100100008621
100100012676
100100011602
100100011204
100100012677
100100012678
100100008612
100100012679
100100012680
100100010531
100100008146
100100002819
100100004851
100100003352
100100005684
100100010780
100100002176
100100007778
100100006420
100100008600
100100007628
100100012681
100100012682
100100010150
100100007201
100100002218
100100012683
100100012684
100100000746
100100003904
100100012685
100100011657
100100012686
100100008901
100100012687
100100012688
100100012689
100100002690
100100008444
100100009964
100100001836
100100007169
100100012690
100100012691
100100012692
100100009624
100100010535
100100012693
100100012694
100100012695
100100010851
100100007160
100100002208
100100005365
100100008454
100100012696
100100001488
100100012697
100100011483
100100008321
100100012698
100100009957
100100012699
100100011106
100100002520
100100012700
100100012701
100100012702
100100009697
100100007239
100100005659
100100011114
100100009586
100100012703
100100012704
100100003173
100100007215
100100011809
100100012705
100100012706
100100010270
100100012707
100100008792
100100003176
100100002324
100100012708
100100000676
100100007342
100100012709
100100012710
100100012711
100100010044
100100012712
100100012713
100100011635
100100012714
100100000863
100100008996
100100012715
100100002128
100100012716
100100005250
100100012717
100100000355
100100012718
100100012719
100100012720
100100012721
100100011706
100100003615
100100012722
100100012723
100100012724
100100011362
100100011929
100100009243
100100012725
100100012726
100100012727
100100009095
100100010758
100100005827
100100011504
100100002916
100100012728
100100010892
100100008590
100100012729
100100012730
100100012731
100100008589
100100012732
100100008577
100100012733
100100005132
100100006581
100100002923
100100012734
100100001986
100100012735
100100012736
100100012737
100100012738
100100012739
100100012740
100100012741
100100007832
100100012742
100100008560
100100008067
100100012743
100100012744
100100012745
100100000710
100100012746
100100010782
100100008552
100100012747
100100011655
100100011213
100100012748
100100012749
100100008546
100100012750
100100009802
100100012751
100100012752
100100009185
100100008522
100100012753
100100008669
100100012754
100100002854
100100012755
100100011055
100100008091
100100012756
100100008538
100100011829
100100012757
100100001907
100100008998
100100012758
100100012759
100100012760
100100012761
100100012762
100100012763
100100012764
100100012765
100100012766
100100012767
100100012768
100100012769
100100012770
100100011898
100100012771
100100012772
100100012773
100100002953
100100012774
100100002523
100100012775
100100011741
100100012776
100100012777
100100000123
100100002112
100100012778
100100012779
100100012780
100100004104
100100012781
100100009085
100100012782
100100012783
100100010058
100100010872
100100005677
100100012784
100100009914
100100012785
100100012786
100100012787
100100012788
100100006531
100100002420
100100010129
100100008075
100100012789
100100011328
100100008528
100100011689
100100012790
100100007309
100100012791
100100010422
100100012792
100100012793
100100011767
100100012042
100100003014
100100009938
100100012794
100100001082
100100012795
100100010675
100100003010
100100012796
100100011485
100100010544
100100011348
100100012797
100100001310
100100009810
100100012798
100100012799
100100012800
100100011238
100100012801
100100008311
100100006269
100100012802
100100008043
100100009519
100100012803
100100012804
100100011070
100100010559
100100012805
100100010966
100100012806
100100012807
100100012808
100100006124
100100001946
100100012809
100100012810
100100012811
100100012812
100100011712
100100012813
100100007223
100100012814
100100012815
100100010596
100100003277
100100008045
100100012816
100100012817
100100012818
100100012819
100100012820
100100009963
100100002935
100100002279
100100012821
100100009083
100100012822
100100012823
100100007320
100100012824
100100005315
100100004555
100100010834
100100011810
100100012825
100100005260
100100012826
100100012827
100100012828
100100012829
100100012830
100100012831
100100012832
100100003139
100100012833
100100012834
100100012835
100100012836
100100002237
100100012837
100100012838
100100006647
100100012839
100100012840
100100012841
100100012842
100100012843
100100012844
100100012845
100100009981
100100008120
100100003027
100100012846
100100012847
100100008374
100100012848
100100012849
100100012850
100100012851
100100012852
100100012853
100100007415
100100012854
100100012855
100100012856
100100008291
100100012857
100100012858
100100012859
100100009091
100100006065
100100011298
100100012860
100100012861
100100001088
100100008334
100100003216
100100012862
100100012863
100100012864
100100012865
100100012866
100100008218
100100012867
100100002423
100100012868
100100008049
100100009234
100100007826
100100000491
100100012869
100100008818
100100012870
100100012871
100100010242
100100007286
100100012872
100100001142
100100012873
100100012874
100100012031
100100007031
100100010169
100100012875
100100008095
100100012876
100100007653
100100012877
100100010978
100100009999
100100012878
100100012879
100100009911
100100012880
100100012881
100100012882
100100012883
100100010300
100100005376
100100012884
100100001224
100100012885
100100012886
100100011669
100100012887
100100002780
100100009693
100100009486
100100005448
100100012888
100100000753
100100012889
100100012890
100100012891
100100012892
100100012893
100100012894
100100012895
100100012896
100100009835
100100012897
100100012898
100100006745
100100012899
100100003416
100100012900
100100011199
100100005599
100100012901
100100012902
100100012903
100100010798
100100012904
100100005860
100100004395
100100007298
100100012905
100100004792
100100012906
100100012907
100100007756
100100002132
100100010730
100100003480
100100008390
100100004709
100100012908
100100012909
100100012910
100100012911
100100012912
100100012913
100100012914
100100006671
100100012915
100100012916
100100011042
100100012917
100100012918
100100008693
100100012919
100100011400
100100012920
100100012921
100100002660
100100011111
100100000657
100100012922
100100012923
100100012924
100100012925
100100012926
100100011459
100100012927
100100007376
100100005933
100100012928
100100012929
100100012930
100100011454
100100012931
100100011396
100100008161
100100010811
100100012932
100100012933
100100011152
100100011984
100100012934
100100012935
100100012936
100100010379
100100012937
100100012938
100100012939
100100012940
100100012941
100100012942
100100012943
100100003406
100100012944
100100011397
100100012945
100100012946
100100010947
100100012947
100100012948
100100006923
100100006238
100100012949
100100012950
100100012951
100100007741
100100012952
100100012953
100100012954
100100010650
100100012955
100100012956
100100012957
100100012958
100100005193
100100012959
100100000465
100100012960
100100012961
100100012962
100100012963
100100012964
100100005099
100100006437
100100012965
100100012966
100100012967
100100012968
100100011911
100100012969
100100000562
100100011434
100100012970
100100012971
100100006418
100100012972
100100012973
100100010841
100100012974
100100011228
100100010717
100100012975
100100012976
100100009790
100100012977
100100003608
100100005017
100100012978
100100012979
100100003391
100100012980
100100012981
100100012982
100100012983
100100012984
100100012985
100100012986
100100002383
100100010288
100100012987
100100012988
100100000885
100100000884
100100000886
100100000887
100100000883
100100000880
100100000878
100100000879
100100000881
100100000882
100100000058
100100012989
100100009892
100100006507
100100012990
100100006739
100100012991
100100012992
100100012993
100100012994
100100012995
100100002751
100100012996
100100011696
100100001067
100100001060
100100001059
100100001062
100100001065
100100001066
100100001063
100100001064
100100001061
100100001068
100100012997
100100002752
100100012998
100100002764
100100003418
100100002765
100100012999
100100013000
100100013001
100100006604
100100009341
100100013002
100100013003
100100013004
100100013005
100100010983
100100006257
100100013006
100100002802
100100000025
100100002804
100100007623
100100013007
100100010432
100100013008
100100002676
100100002408
100100002407
100100002409
100100002403
100100002412
100100002404
100100002405
100100002410
100100002406
100100002411
100100002806
100100008581
100100002808
100100006205
100100013009
100100007589
100100013010
100100013011
100100001183
100100013012
100100004340
100100013013
100100006672
100100013014
100100000100
100100013015
100100004793
100100013016
100100013017
100100007150
100100003437
100100013018
100100013019
100100007524
100100013020
100100013021
100100013022
100100003242
100100002552
100100002554
100100002549
100100002555
100100002551
100100002556
100100002548
100100002553
100100002550
100100013023
100100004773
100100002547
100100002889
100100013024
100100013025
100100013026
100100004753
100100013027
100100011340
100100001089
100100011377
100100006047
100100004720
100100013028
100100006962
100100007879
100100004711
100100002666
100100002672
100100002663
100100002665
100100002668
100100002669
100100002671
100100002670
100100002667
100100002664
100100006306
100100013029
100100013030
100100006575
100100013031
100100013032
100100007846
100100013033
100100004698
100100008983
100100013034
100100013035
100100013036
100100006023
100100007004
100100013037
100100004690
100100007831
100100005998
100100004675
100100013038
100100013039
100100009940
100100013040
100100007810
100100002247
100100004652
100100007440
100100013041
100100013042
100100005975
100100007784
100100009921
100100002753
100100002755
100100002758
100100002760
100100002759
100100002754
100100002762
100100002761
100100002756
100100002757
100100007758
100100009898
100100013043
100100013044
100100013045
100100005953
100100013046
100100009886
100100004633
100100007671
100100009852
100100007648
100100013047
100100013048
100100005889
100100013049
100100009843
100100013050
100100004619
100100013051
100100013052
100100003917
100100009834
100100005879
100100003925
100100009826
100100004583
100100007609
100100003924
100100001878
100100003922
100100009817
100100013053
100100003921
100100007587
100100001611
100100004561
100100005861
100100009806
100100003980
100100013054
100100013055
100100000898
100100003983
100100009792
100100003986
100100013056
100100004544
100100005841
100100013057
100100007573
100100009778
100100013058
100100003990
100100002838
100100002840
100100002839
100100002842
100100002837
100100002836
100100002834
100100002833
100100002835
100100002841
100100009770
100100005349
100100005816
100100010358
100100009757
100100004511
100100007547
100100013059
100100003413
100100009747
100100007392
100100007489
100100005800
100100013060
100100004492
100100013061
100100009730
100100013062
100100013063
100100013064
100100007467
100100003982
100100005775
100100013065
100100013066
100100009700
100100013067
100100011723
100100007013
100100004460
100100002946
100100002944
100100002943
100100002945
100100002940
100100002937
100100002942
100100002941
100100002939
100100002938
100100006970
100100009689
100100004432
100100009677
100100006852
100100013068
100100011304
100100000026
100100009666
100100005738
100100006840
100100011295
100100009651
100100009992
100100004412
100100005718
100100013069
100100006818
100100009637
100100013070
100100009626
100100006802
100100013071
100100013072
100100013073
100100005548
100100013074
100100009615
100100005697
100100013075
100100007833
100100004387
100100006456
100100009995
100100009600
100100006134
100100009499
100100005671
100100013076
100100013077
100100013078
100100009488
100100009473
100100005645
100100013079
100100005765
100100013080
100100013081
100100009461
100100013082
100100009446
100100005619
100100004366
100100013083
100100004886
100100011568
100100013084
100100008223
100100009436
100100013085
100100004884
100100013086
100100008090
100100004882
100100004879
100100004345
100100009427
100100001427
100100005668
100100004878
100100005592
100100005339
100100008985
100100009419
100100004917
100100004324
100100009410
100100004919
100100013087
100100004921
100100005575
100100013088
100100003075
100100003074
100100003083
100100003082
100100003079
100100003080
100100003076
100100003081
100100003078
100100009397
100100003077
100100004297
100100007473
100100009385
100100005550
100100004994
100100013089
100100006430
100100004920
100100009369
100100006122
100100004285
100100010147
100100001141
100100013090
100100009033
100100009000
100100004033
100100013091
100100004266
100100013092
100100013093
100100013094
100100008989
100100004009
100100013095
100100013096
100100007689
100100013097
100100003977
100100013098
100100008973
100100002352
100100004225
100100013099
100100013100
100100013102
100100013101
100100013103
100100013104
100100013105
100100013106
100100008962
100100013107
100100013108
100100008952
100100007668
100100003958
100100013109
100100013110
100100004206
100100013111
100100003864
100100008939
100100013112
100100007647
100100003896
100100008931
100100004185
100100013113
100100013114
100100008917
100100013115
100100013116
100100007610
100100013117
100100003863
100100007172
100100013118
100100004169
100100004294
100100013119
100100013120
100100013121
100100013122
100100013123
100100013124
100100013125
100100011479
100100010107
100100007585
100100001476
100100003849
100100004143
100100008904
100100007570
100100005532
100100013126
100100008891
100100004121
100100005341
100100013127
100100013128
100100008877
100100013129
100100004107
100100008869
100100013130
100100013131
100100013132
100100013133
100100013134
100100013135
100100013136
100100013138
100100013137
100100013139
100100008861
100100013140
100100013141
100100009582
100100009330
100100004091
100100013142
100100013143
100100013144
100100013145
100100013146
100100013147
100100013148
100100013149
100100006284
100100005224
100100003423
100100013150
100100013151
100100013152
100100007355
100100013153
100100004066
100100008331
100100013154
100100013156
100100013155
100100013157
100100013158
100100013159
100100013160
100100013161
100100013162
100100013163
100100013164
100100013165
100100013166
100100004045
100100013167
100100007396
100100011302
100100013168
100100013169
100100013170
100100013171
100100004027
100100008199
100100009731
100100013172
100100013173
100100013174
100100013175
100100013176
100100013177
100100003984
100100013178
100100013179
100100013180
100100013181
100100013182
100100013185
100100013186
100100013188
100100013183
100100013184
100100013187
100100013189
100100013190
100100013191
100100013192
100100007498
100100010833
100100001994
100100003969
100100008191
100100013193
100100013194
100100013195
100100013196
100100003949
100100007479
100100013197
100100013198
100100013199
100100007302
100100006379
100100006368
100100007519
100100007521
100100007522
100100007523
100100003918
100100007527
100100007537
100100007540
100100007542
100100007543
100100007544
100100013200
100100013201
100100013202
100100007526
100100007448
100100007529
100100013203
100100013204
100100013205
100100013206
100100013207
100100013209
100100013208
100100013210
100100013211
100100013212
100100013213
100100013214
100100013215
100100011282
100100003901
100100007425
100100004683
100100013216
100100003867
100100013217
100100007398
100100013218
100100013219
100100003850
100100013220
100100007380
100100013221
100100013222
100100007868
100100003833
100100007356
100100013223
100100013224
100100013225
100100013226
100100013227
100100013230
100100013228
100100013229
100100013231
100100013232
100100013233
100100013234
100100011959
100100013235
100100003796
100100007301
100100007271
100100013236
100100013237
100100013238
100100013239
100100003770
100100013240
100100013241
100100013242
100100007855
100100013243
100100007263
100100013244
100100003754
100100005707
100100013245
100100013246
100100013247
100100013248
100100013249
100100013252
100100013250
100100013254
100100013253
100100013251
100100013255
100100007233
100100006718
100100002231
100100005685
100100003731
100100013256
100100005308
100100008164
100100013257
100100013258
100100005637
100100007064
100100007186
100100005331
100100013259
100100013260
100100003695
100100005621
100100013261
100100009232
100100007157
100100002180
100100013262
100100005605
100100007097
100100013263
100100013264
100100005588
100100000556
100100013265
100100007137
100100005344
100100013266
100100002147
100100005360
100100003186
100100005582
100100013267
100100013268
100100007120
100100013269
100100006078
100100005573
100100011674
100100005585
100100013270
100100008139
100100002096
100100007095
100100005560
100100005590
100100005435
100100013271
100100000287
100100007066
100100005602
100100005423
100100013272
100100006062
100100001352
100100002051
100100011575
100100005611
100100013273
100100001286
100100013274
100100005407
100100007040
100100011477
100100005392
100100005622
100100007007
100100008070
100100005102
100100009238
100100013275
100100008040
100100001974
100100001659
100100005635
100100008044
100100013276
100100013277
100100004929
100100013278
100100013279
100100013280
100100013281
100100013282
100100013283
100100013284
100100013287
100100013285
100100013289
100100013288
100100013286
100100013290
100100005654
100100006989
100100004905
100100008849
100100005667
100100001917
100100000553
100100006044
100100004889
100100004577
100100005679
100100006964
100100007182
100100004849
100100001827
100100004828
100100006934
100100005692
100100004788
100100013291
100100005705
100100013292
100100013294
100100013293
100100013295
100100013296
100100006881
100100010096
100100004759
100100013297
100100013298
100100013299
100100013300
100100013301
100100005070
100100013302
100100013303
100100013304
100100004730
100100005712
100100000623
100100006086
100100011035
100100000339
100100005784
100100006850
100100000848
100100000165
100100005887
100100005943
100100001780
100100013305
100100005959
100100013306
100100007038
100100007565
100100007658
100100013307
100100013308
100100013310
100100013309
100100013311
100100013314
100100013313
100100013312
100100013315
100100013316
100100001737
100100006011
100100013317
100100005972
100100006811
100100013318
100100004497
100100005992
100100005987
100100006785
100100007404
100100004715
100100006754
100100005968
100100009732
100100008012
100100004706
100100006974
100100013319
100100012046
100100005918
100100006136
100100007554
100100013320
100100006736
100100006207
100100006145
100100001013
100100005903
100100013321
100100003733
100100004144
100100013322
100100013323
100100007964
100100013324
100100005880
100100006707
100100004676
100100005118
100100006935
100100001668
100100005865
100100006172
100100007578
100100001635
100100007842
100100001599
100100005849
100100001552
100100013325
100100006904
100100013327
100100013326
100100013328
100100013329
100100013331
100100013330
100100013332
100100013333
100100013334
100100013335
100100013336
100100001521
100100006871
100100005824
100100009734
100100000071
100100001493
100100005577
100100006693
100100013337
100100005807
100100001468
100100013338
100100004473
100100001440
100100006801
100100009108
100100001355
100100006664
100100013339
100100005429
100100004005
100100006641
100100013340
100100013342
100100013341
100100013343
100100013344
100100013345
100100013347
100100013346
100100013348
100100001328
100100013349
100100013350
100100013351
100100001970
100100006625
100100013352
100100013353
100100013354
100100006650
100100006609
100100013355
100100013356
100100006329
100100003912
100100001284
100100004784
100100006532
100100008746
100100013357
100100006593
100100013358
100100013359
100100013360
100100013361
100100013363
100100013362
100100013364
100100013365
100100013367
100100013366
100100013368
100100006578
100100001257
100100006495
100100011480
100100004644
100100006555
100100001448
100100004632
100100013369
100100007976
100100001204
100100005170
100100004566
100100013370
100100007755
100100013371
100100006431
100100004545
100100006484
100100001172
100100013372
100100013373
100100013374
100100013376
100100013375
100100013377
100100013378
100100013380
100100013379
100100013381
100100004248
100100006187
100100006467
100100013382
100100007713
100100004204
100100001121
100100006202
100100006352
100100006434
100100013383
100100013384
100100006412
100100013385
100100005787
100100006208
100100013386
100100013387
100100013388
100100013389
100100013390
100100013391
100100013393
100100013392
100100013394
100100013396
100100013395
100100013397
100100013398
100100010260
100100013399
100100006254
100100006397
100100000090
100100013400
100100001090
100100005763
100100013401
100100013402
100100013403
100100006372
100100001034
100100013404
100100005743
100100013405
100100013406
100100013407
100100013408
100100013410
100100013409
100100013411
100100013413
100100013412
100100013414
100100013415
100100013416
100100013417
100100000963
100100007634
100100000914
100100007601
100100013418
100100000855
100100006157
100100007575
100100007663
100100000807
100100006264
100100007469
100100013419
100100006278
100100007304
100100013420
100100007241
100100000731
100100011785
100100006290
100100006308
100100008099
100100004860
100100013421
100100000671
100100006317
100100010367
100100013422
100100013423
100100013424
100100013425
100100013427
100100013426
100100013428
100100013429
100100013430
100100000611
100100013431
100100006328
100100000618
100100013432
100100006341
100100000484
100100013433
100100013434
100100006353
100100013435
100100013436
100100013437
100100013438
100100013439
100100013440
100100013441
100100013442
100100013443
100100013444
100100013445
100100003883
100100000212
100100011782
100100008532
100100008076
100100007159
100100006398
100100011113
100100013446
100100006408
100100013447
100100013448
100100005543
100100009924
100100013449
100100007130
100100007021
100100006416
100100006958
100100013450
100100013451
100100006438
100100005098
100100010272
100100007461
100100013452
100100013453
100100013455
100100013456
100100013457
100100013454
100100013458
100100013460
100100013459
100100013461
100100006877
100100013462
100100013463
100100006771
100100006452
100100013464
100100011812
100100005520
100100013465
100100003034
100100011869
100100008201
100100003117
100100007882
100100013466
100100013467
100100013468
100100008566
100100003052
100100006710
100100013469
100100006596
100100013470
100100013471
100100013473
100100013472
100100013474
100100013475
100100013477
100100013476
100100013478
100100013480
100100013479
100100013481
100100006564
100100005576
100100013482
100100011606
100100013483
100100013484
100100010828
100100013485
100100013486
100100013487
100100013488
100100013489
100100013490
100100013491
100100013492
100100013493
100100013494
100100013495
100100013496
100100011729
100100002869
100100005426
100100005406
100100013497
100100009374
100100007686
100100005262
100100005197
100100013498
100100005166
100100005061
100100002187
100100013499
100100004986
100100013500
100100009497
100100005035
100100004973
100100013501
100100005005
100100013502
100100013503
100100006165
100100006234
100100005036
100100013504
100100002590
100100005101
100100004718
100100013505
100100005123
100100003154
100100005165
100100009821
100100007929
100100013506
100100013507
100100010003
100100013508
100100007024
100100013509
100100013510
100100011021
100100013511
100100008363
100100005182
100100013512
100100013513
100100013514
100100005202
100100010594
100100003605
100100013515
100100013516
100100013517
100100013518
100100013519
100100013521
100100013520
100100013522
100100013523
100100013524
100100005228
100100011468
100100011651
100100009431
100100005248
100100013525
100100013526
100100013527
100100005041
100100013528
100100013529
100100013530
100100013531
100100008228
100100013532
100100013533
100100013534
100100006337
100100013535
100100007966
100100013536
100100011713
100100011714
100100013537
100100013538
100100013539
100100009753
100100013540
100100002580
100100003461
100100013541
100100010157
100100013542
100100013543
100100013544
100100005458
100100013545
100100011447
100100013546
100100005449
100100006567
100100005774
100100001130
100100013547
100100009916
100100010212
100100013548
100100010783
100100007123
100100008187
100100007463
100100010034
100100006364
100100013549
100100007293
100100013550
100100013551
100100001849
100100002894
100100013552
100100006067
100100007145
100100008274
100100011878
100100013553
100100006476
100100009183
100100006527
100100013554
100100002632
100100009611
100100011335
100100002814
100100006401
100100013555
100100013556
100100013557
100100013558
100100013559
100100009570
100100013560
100100006975
100100010064
100100007538
100100007022
100100005354
100100006576
100100007494
100100013561
100100013562
100100009149
100100007478
100100008371
100100011784
100100007460
100100007445
100100007429
100100007417
100100007399
100100007386
100100006997
100100007371
100100007352
100100013563
100100007341
100100008005
100100007326
100100007303
100100007292
100100007512
100100007277
100100009741
100100007268
100100005425
100100007254
100100013564
100100006695
100100010665
100100006682
100100013565
100100013566
100100013567
100100008133
100100006669
100100013568
100100006655
100100006646
100100009875
100100004777
100100009952
100100006617
100100006607
100100006594
100100006570
100100013569
100100008315
100100006550
100100006534
100100013570
100100006522
100100008190
100100006510
100100006496
100100009030
100100013571
100100010542
100100007800
100100006482
100100013572
100100006473
100100004760
100100006461
100100013573
100100006453
100100006441
100100006424
100100013574
100100006413
100100006402
100100009008
100100007923
100100005897
100100006393
100100013575
100100006382
100100006347
100100006360
100100013576
100100013577
100100006225
100100006212
100100006197
100100007168
100100013578
100100005169
100100013579
100100009481
100100009768
100100007231
100100010336
100100007096
100100007081
100100007067
100100013580
100100008403
100100007059
100100007044
100100013581
100100007027
100100004050
100100007010
100100007001
100100006992
100100007332
100100006966
100100006947
100100013582
100100011075
100100006928
100100006911
100100006900
100100013583
100100005808
100100006883
100100006860
100100013584
100100006868
100100006848
100100013585
100100006835
100100006815
100100007932
100100009146
100100006792
100100007158
100100006782
100100011030
100100013586
100100006857
100100008232
100100013587
100100013588
100100009412
100100008395
100100008582
100100013589
100100009220
100100008624
100100013590
100100010602
100100012030
100100009227
100100013591
100100001992
100100013592
100100013593
100100002178
100100002046
100100010858
100100013594
100100011769
100100001156
100100013595
100100009058
100100008033
100100013596
100100009859
100100004426
100100011441
100100010377
100100009042
100100009633
100100008987
100100013597
100100009601
100100008241
100100008381
100100009805
100100012004
100100006916
100100011300
100100013598
100100003281
100100006524
100100007958
100100013599
100100010789
100100000699
100100007406
100100013600
100100007672
100100009745
100100013601
100100013602
100100003059
100100013603
100100009061
100100013604
100100011310
100100009610
100100000505
100100013605
100100010502
100100008837
100100006988
100100013606
100100007266
100100009099
100100009776
100100008456
100100010057
100100009415
100100004819
100100012013
100100009261
100100005064
100100007948
100100009459
100100013607
100100013608
100100013609
100100013610
100100011409
100100003357
100100013611
100100008129
100100001282
100100013612
100100013613
100100005359
100100010340
100100008620
100100013614
100100001394
100100013615
100100007391
100100013616
100100006525
100100007323
100100008413
100100011099
100100010104
100100000763
100100009808
100100001475
100100009623
100100010269
100100009788
100100008967
100100013617
100100013618
100100013619
100100005257
100100013620
100100013621
100100013622
100100013623
100100013624
100100006759
100100009755
100100008329
100100013625
100100013626
100100006678
100100004170
100100009870
100100013627
100100009545
100100002545
100100009819
100100000778
100100009440
100100010293
100100008762
100100010189
100100013628
100100008365
100100002203
100100009390
100100000756
100100001506
100100008412
100100011178
100100008165
100100013629
100100007485
100100013630
100100013631
100100013632
100100009951
100100008425
100100013633
100100002722
100100013634
100100008784
100100005760
100100009002
100100011519
100100013635
100100009206
100100013636
100100013637
100100013638
100100007596
100100013639
100100009408
100100009391
100100009012
100100013640
100100008936
100100009575
100100013641
100100009890
100100013642
100100013643
100100013644
100100009450
100100013645
100100009081
100100013646
100100013647
100100010347
100100013648
100100013649
100100000007
100100008497
100100010701
100100013650
100100009352
100100013651
100100000567
100100009389
100100002133
100100004626
100100009800
100100007747
100100004289
100100013652
100100013653
100100013654
100100013655
100100013656
100100013657
100100003145
100100000374
100100013658
100100009152
100100013659
100100010551
100100013660
100100002542
100100013661
100100013662
100100011725
100100008188
100100009319
100100013663
100100013664
100100013665
100100013666
100100013667
100100010509
100100009780
100100013668
100100011815
100100006001
100100000682
100100005112
100100013669
100100013670
100100013671
100100009395
100100009356
100100013672
100100005638
100100013673
100100013674
100100004369
100100010251
100100013675
100100009785
100100013676
100100002963
100100008930
100100006765
100100013677
100100011837
100100008805
100100013678
100100008030
100100013679
100100013680
100100009048
100100002704
100100009353
100100008473
100100003961
100100006920
100100010371
100100013681
100100009763
100100010672
100100011198
100100013682
100100010690
100100013683
100100010948
100100013684
100100013685
100100013686
100100008004
100100010368
100100009903
100100013687
100100013688
100100005459
100100003001
100100013689
100100010540
100100007476
100100013690
100100013691
100100004181
100100004145
100100002001
100100009178
100100004110
100100004088
100100009145
100100004060
