100200000004
100200000200
100200002165
100200003503
100200000830
100200003097
100200002146
100200001584
100200002048
100200003764
100200002645
100200002139
100200002867
100200004425
100200003738
100200003818
100200002367
100200002130
100200000794
100200004538
100200003223
100200004610
100200000188
100200003626
100200003552
100200003342
100200002707
100200003696
100200002860
100200004077
100200004648
100200002461
100200000892
100200002808
100200001469
100200004307
100200003441
100200003268
100200004170
100200003854
100200000705
100200002849
100200001571
100200004510
100200001189
100200005129
100200001669
100200000448
100200002079
100200000484
100200002586
100200001203
100200000184
100200004749
100200002295
100200004306
100200002883
100200003935
100200000615
100200004294
100200000696
100200002018
100200002325
100200000048
100200005001
100200000147
100200001690
100200002650
100200003610
100200003955
100200000770
100200004412
100200002115
100200003093
100200001820
100200003054
100200003236
100200001912
100200000381
100200002915
100200004069
100200005169
100200002413
100200005006
100200001818
100200002023
100200002886
100200000274
100200001361
100200002551
100200004696
100200002485
100200000213
100200002243
100200004388
100200003431
100200003432
100200004129
100200004083
100200000156
100200003240
100200004249
100200001345
100200001898
100200000645
100200001610
100200000217
100200001873
100200000272
100200004202
100200003425
100200001877
100200003954
100200004863
100200003356
100200002870
100200000523
100200002654
100200000546
100200002507
100200005297
100200003193
100200004288
100200003168
100200005298
100200003766
100200005299
100200000294
100200005300
100200000739
100200000050
100200005301
100200000280
100200000358
100200000095
100200000312
100200000506
100200000012
100200000099
100200000776
100200000365
100200001011
100200000665
100200000123
100200000302
100200000644
100200000341
100200000810
100200002085
100200000096
100200000586
100200000113
100200002512
100200000333
100200001202
100200002533
100200002511
100200001198
100200000554
100200002061
100200000582
100200000325
100200003368
100200002534
100200003892
100200001944
100200003958
100200003832
100200005302
100200004581
100200004208
100200000119
100200000646
100200000248
100200000655
100200001534
100200002335
100200000624
100200005303
100200000725
100200005304
100200005251
100200003135
100200003916
100200005305
100200000230
100200003603
100200003706
100200003430
100200000228
100200003883
100200000681
100200003056
100200001353
100200002697
100200003137
100200001649
100200002493
100200003929
100200002628
100200003833
100200003274
100200004188
100200002710
100200001067
100200003164
100200003424
100200003371
100200003930
100200003028
100200002524
100200001052
100200002827
100200000549
100200000027
100200002668
100200001339
100200000488
100200003763
100200003293
100200003573
100200001845
100200003746
100200003276
100200002269
100200000497
100200004395
100200002417
100200001647
100200002704
100200001020
100200003008
100200003341
100200003549
100200001014
100200003535
100200001421
100200000971
100200003247
100200003774
100200003685
100200003624
100200003827
100200003845
100200001867
100200003767
100200002960
100200003322
100200003201
100200003876
100200003100
100200002499
100200003741
100200003688
100200003687
100200003504
100200002565
100200003619
100200003468
100200002504
100200003577
100200002055
100200003451
100200003336
100200003250
100200002734
100200002578
100200004047
100200000148
100200002459
100200003821
100200000029
100200000224
100200000767
100200004584
100200004807
100200000291
100200000221
100200000397
100200000165
100200000491
100200000350
100200000865
100200000620
100200001010
100200001057
100200000124
100200001168
100200000295
100200001280
100200001229
100200001426
100200000174
100200001523
100200004074
100200004001
100200003925
100200004090
100200003480
100200004041
100200003177
100200002446
100200002310
100200000744
100200002373
100200002411
100200002858
100200001960
100200002522
100200002874
100200001069
100200000769
100200002566
100200002544
100200001401
100200001522
100200002751
100200001915
100200001765
100200002698
100200002518
100200002283
100200001630
100200002699
100200003000
100200002154
100200002591
100200002584
100200002443
100200002326
100200002185
100200002223
100200001904
100200000758
100200005306
100200005307
100200005189
100200005128
100200005109
100200005089
100200004912
100200004901
100200004774
100200003670
100200004675
100200004309
100200004486
100200004338
100200004394
100200003963
100200003964
100200004347
100200004285
100200000431
100200002809
100200004350
100200004093
100200005308
100200003065
100200004410
100200001703
100200003692
100200000482
100200000232
100200003908
100200003611
100200005309
100200003220
100200003846
100200005061
100200005007
100200005024
100200004567
100200004511
100200004535
100200004435
100200004482
100200001429
100200004324
100200004235
100200003795
100200002965
100200002590
100200005310
100200005136
100200004896
100200004890
100200004605
100200004368
100200004461
100200004153
100200004243
100200000005
100200002028
100200002255
100200005311
100200000599
100200004234
100200003841
100200000150
100200000412
100200000019
100200000388
100200000170
100200000074
100200000352
100200000516
100200000432
100200000329
100200000571
100200000278
100200000686
100200000054
100200000481
100200000349
100200000262
100200000065
100200000180
100200000116
100200000413
100200000069
100200000199
100200000236
100200000223
100200000296
100200000635
100200000222
100200000400
100200000490
100200000664
100200000127
100200000673
100200000643
100200000046
100200000068
100200000094
100200000572
100200000114
100200000336
100200000153
100200000626
100200000246
100200000035
100200000009
100200000379
100200000021
100200000625
100200000740
100200000430
100200000368
100200000691
100200000652
100200000670
100200001831
100200000859
100200001077
100200000936
100200000920
100200000908
100200001075
100200002536
100200002946
100200002811
100200000649
100200002961
100200005134
100200005106
100200004163
100200003476
100200003675
100200003316
100200003429
100200005312
100200000103
100200002925
100200005167
100200004812
100200005313
100200001159
100200005314
100200004701
100200005315
100200004568
100200005316
100200004977
100200001824
100200003644
100200000477
100200002671
100200003487
100200003550
100200003464
100200003829
100200003466
100200001407
100200003014
100200003090
100200000831
100200003414
100200003848
100200001607
100200000404
100200001889
100200003566
100200002416
100200001794
100200003695
100200001808
100200001743
100200003509
100200002916
100200002219
100200003760
100200003623
100200003420
100200003799
100200003737
100200003784
100200003740
100200002967
100200003528
100200003546
100200003545
100200003318
100200002756
100200005317
100200000699
100200000933
100200003073
100200003768
100200002014
100200003046
100200001329
100200003410
100200003995
100200003973
100200002100
100200003531
100200003507
100200003278
100200003192
100200003088
100200001448
100200002622
100200002517
100200001902
100200002401
100200002068
100200000597
100200000880
100200001163
100200000889
100200001145
100200001000
100200001215
100200001111
100200000342
100200001187
100200000726
100200000667
100200000820
100200001017
100200001033
100200001302
100200000408
100200001230
100200001200
100200001094
100200000840
100200001265
100200001049
100200002184
100200001296
100200001176
100200000947
100200000442
100200003181
100200000987
100200001104
100200000647
100200000128
100200001570
100200000485
100200002878
100200002930
100200001417
100200001128
100200001076
100200001191
100200000850
100200001109
100200001006
100200001095
100200000428
100200001244
100200000109
100200001124
100200000494
100200001013
100200001304
100200000537
100200001225
100200000994
100200001143
100200001258
100200001161
100200001233
100200001264
100200001234
100200001179
100200001118
100200004255
100200000687
100200005318
100200000754
100200003172
100200002910
100200001102
100200001372
100200003266
100200003384
100200001378
100200003082
100200002982
100200002579
100200005192
100200004236
100200004006
100200003837
100200004105
100200001973
100200003490
100200003734
100200001380
100200004113
100200001483
100200001632
100200003419
100200001425
100200003649
100200004431
100200003865
100200001989
100200002162
100200001917
100200002863
100200002092
100200002225
100200000146
100200001294
100200002387
100200004806
100200001384
100200002513
100200004571
100200004418
100200004034
100200003485
100200003941
100200001752
100200001931
100200001672
100200001544
100200001148
100200001485
100200000881
100200000706
100200000869
100200002559
100200000961
100200001072
100200000097
100200000759
100200003263
100200000444
100200000583
100200000371
100200002797
100200000080
100200000319
100200000774
100200000741
100200000071
100200000803
100200000790
100200000391
100200000894
100200000231
100200000985
100200000715
100200000722
100200000921
100200000749
100200000734
100200000704
100200005151
100200004165
100200005319
100200002392
100200005320
100200000978
100200001267
100200001185
100200000002
100200001108
100200001158
100200001270
100200001116
100200001243
100200002931
100200002812
100200002494
100200002615
100200002833
100200002950
100200002940
100200004116
100200001037
100200000709
100200000789
100200000671
100200000723
100200000980
100200001083
100200000087
100200000924
100200005321
100200000674
100200000205
100200001070
100200000265
100200001293
100200001046
100200001196
100200001061
100200000882
100200001297
100200001356
100200000566
100200000999
100200000752
100200000567
100200000502
100200000619
100200000617
100200003713
100200005322
100200004178
100200001806
100200005323
100200004247
100200004271
100200005324
100200001250
100200005325
100200000136
100200000033
100200000018
100200000220
100200000203
100200000015
100200000063
100200000115
100200000498
100200000321
100200000022
100200000138
100200000008
100200000162
100200000055
100200000042
100200000098
100200000086
100200000039
100200000285
100200001281
100200000836
100200000826
100200000825
100200000568
100200005326
100200002036
100200002602
100200005327
100200004111
100200003897
100200003281
100200004781
100200000406
100200000533
100200000057
100200000585
100200000600
100200000373
100200000557
100200003248
100200002346
100200002161
100200002713
100200002682
100200003331
100200000045
100200005328
100200002492
100200001947
100200000178
100200002703
100200002917
100200002216
100200002206
100200002268
100200005329
100200000385
100200000902
100200005330
100200005331
100200003982
100200003952
100200003726
100200002890
100200003782
100200003979
100200001588
100200000179
100200002794
100200004088
100200003992
100200003452
100200003563
100200003625
100200001527
100200004039
100200004054
100200004023
100200004019
100200002032
100200003380
100200003286
100200003975
100200004151
100200004986
100200004882
100200001335
100200003411
100200003264
100200003374
100200004152
100200004365
100200001982
100200000454
100200003031
100200000225
100200004423
100200003759
100200003808
100200003847
100200003863
100200003682
100200000930
100200003269
100200003246
100200004805
100200004971
100200004664
100200004695
100200004198
100200004209
100200005084
100200002486
100200003965
100200003399
100200001959
100200004251
100200000885
100200001081
100200000918
100200000685
100200000279
100200000083
100200000463
100200000051
100200000292
100200000283
100200000346
100200004744
100200003686
100200002305
100200004497
100200004845
100200003989
100200003967
100200003899
100200003586
100200005332
100200003508
100200005333
100200001162
100200003217
100200003068
100200004827
100200004201
100200001664
100200004450
100200002850
100200000661
100200001278
100200001374
100200003303
100200001797
100200003241
100200002841
100200002618
100200001197
100200001254
100200002835
100200002289
100200005334
100200004094
100200005335
100200005197
100200004361
100200004834
100200001413
100200003486
100200001926
100200001224
100200001084
100200001098
100200001537
100200002075
100200002013
100200001240
100200000817
100200001488
100200001556
100200001886
100200000958
100200001221
100200001798
100200001272
100200002163
100200002150
100200001716
100200002105
100200002098
100200002040
100200002038
100200001980
100200003949
100200000108
100200000210
100200000305
100200000360
100200000142
100200000290
100200000250
100200000338
100200000037
100200000196
100200000014
100200004102
100200005336
100200000238
100200004684
100200004216
100200004137
100200003128
100200002851
100200003280
100200002788
100200002889
100200002949
100200001640
100200001503
100200005337
100200000953
100200000784
100200001893
100200000804
100200002031
100200000864
100200001253
100200001670
100200000821
100200000814
100200000819
100200001397
100200005338
100200004700
100200003123
100200000266
100200000216
100200000084
100200000193
100200000129
100200005339
100200005340
100200001295
100200005341
100200003243
100200005342
100200002349
100200005343
100200005344
100200004957
100200001774
100200005345
100200000011
100200003812
100200004091
100200005346
100200005347
100200004816
100200000529
100200000195
100200000911
100200000653
100200000359
100200000239
100200000078
100200003203
100200000949
100200000654
100200004551
100200000374
100200004645
100200005023
100200001440
100200004723
100200001598
100200003660
100200004472
100200005348
100200005349
100200005350
100200002232
100200000293
100200000915
100200000526
100200000679
100200000457
100200002545
100200002188
100200002663
100200002626
100200002394
100200001772
100200004522
100200002828
100200001142
100200004905
100200004730
100200004320
100200001475
100200003530
100200003440
100200001775
100200002480
100200002721
100200005351
100200002743
100200004218
100200004109
100200004100
100200005352
100200000420
100200000157
100200005140
100200004364
100200003116
100200000361
100200005353
100200000522
100200001767
100200001492
100200002201
100200002135
100200001713
100200005354
100200001763
100200001590
100200001371
100200000023
100200000106
100200002649
100200002022
100200000735
100200002347
100200001927
100200001596
100200003273
100200005029
100200004817
100200003372
100200004125
100200002476
100200002190
100200002106
100200005355
100200002430
100200004659
100200004501
100200004837
100200005356
100200004463
100200000424
100200000824
100200005357
100200004144
100200005279
100200005143
100200005000
100200004682
100200004392
100200003218
100200000076
100200000060
100200000202
100200000088
100200005358
100200001300
100200002348
100200002052
100200000714
100200004570
100200002469
100200005359
100200000059
100200000085
100200004962
100200000423
100200000320
100200000560
100200000062
100200002549
100200003771
100200003119
100200000501
100200003697
100200005360
100200005361
100200005362
100200002354
100200003648
100200005363
100200005004
100200005364
100200001575
100200000616
100200002564
100200002448
100200000884
100200001379
100200001933
100200005365
100200005366
100200003772
100200005367
100200005368
100200004366
100200005369
100200004527
100200000233
100200004453
100200005185
100200005370
100200001079
100200001595
100200005371
100200002805
100200005372
100200005373
100200005374
100200002168
100200005375
100200003072
100200003234
100200002454
100200003275
100200003478
100200002024
100200003074
100200003421
100200003352
100200003216
100200003125
100200002974
100200002830
100200005376
100200003154
100200005377
100200000943
100200001316
100200002333
100200004711
100200004470
100200001705
100200003922
100200000465
100200003458
100200004734
100200004356
100200004068
100200004092
100200003806
100200002506
100200001416
100200001800
100200001616
100200001627
100200001447
100200001314
100200001027
100200001178
100200001016
100200000470
100200005378
100200003604
100200005379
100200000140
100200000077
100200000139
100200000017
100200005043
100200001182
100200001274
100200000462
100200004953
100200004580
100200004529
100200005380
100200001138
100200004439
100200005211
100200005381
100200005382
100200001518
100200004217
100200002570
100200001460
100200001362
100200000326
100200005383
100200005384
100200002434
100200004950
100200002638
100200005385
100200001866
100200002562
100200001651
100200002500
100200001717
100200002167
100200002655
100200002619
100200002550
100200004066
100200000746
100200005386
100200003061
100200004464
100200005387
100200004512
100200000182
100200000913
100200005388
100200004653
100200004860
100200004735
100200003793
100200001825
100200001541
100200000334
100200002857
100200002821
100200001983
100200004679
100200001096
100200005389
100200003150
100200003348
100200003349
100200002679
100200005390
100200003491
100200002083
100200004104
100200001406
100200003680
100200002542
100200003114
100200005391
100200004791
100200005392
100200004870
100200004740
100200005002
100200002790
100200004973
100200004915
100200003497
100200005011
100200003920
100200003921
100200004626
100200003828
100200001990
100200003364
100200004387
100200005393
100200004133
100200005394
100200003966
100200004729
100200000852
100200003418
100200005395
100200002716
100200001805
100200001239
100200005396
100200001883
100200002761
100200001466
100200003153
100200002911
100200001552
100200002324
100200001306
100200004040
100200004776
100200000965
100200005397
100200005398
100200003608
100200004026
100200005399
100200000332
100200004864
100200001736
100200003842
100200003813
100200003187
100200000828
100200000736
100200003561
100200005400
100200001019
100200000287
100200005401
100200005402
100200004445
100200004067
100200005403
100200005250
100200005404
100200001120
100200005405
100200001501
100200002144
100200002180
100200002229
100200001424
100200003188
100200004210
100200000300
100200002308
100200002612
100200005406
100200005407
100200005408
100200005409
100200005410
100200005411
100200004059
100200004417
100200001047
100200002353
100200005412
100200002195
100200000260
100200001899
100200002495
100200002937
100200000357
100200003681
100200003343
100200005413
100200001550
100200004596
100200001781
100200005414
100200005178
100200001390
100200002670
100200003075
100200002784
100200000939
100200004884
100200005415
100200002197
100200000276
100200005040
100200000043
100200003584
100200004250
100200005416
100200005417
100200002160
100200004267
100200003205
100200004426
100200002722
100200002568
100200002170
100200002702
100200001719
100200000993
100200001369
100200001742
100200005069
100200001606
100200005418
100200005419
100200000719
100200000390
100200004897
100200000843
100200002375
100200004778
100200004339
100200002089
100200000194
100200004907
100200005420
100200001391
100200000252
100200000351
100200000945
100200000841
100200000862
100200005421
100200001843
100200001975
100200004698
100200005422
100200004898
100200004612
100200004702
100200002798
100200002379
100200003614
100200005423
100200000070
100200004980
100200004242
100200004393
100200004325
100200005424
100200005217
100200001400
100200001134
100200000541
100200004408
100200001835
100200002339
100200001344
100200001721
100200002078
100200002603
100200005425
100200005426
100200004899
100200003677
100200005427
100200002057
100200004691
100200000922
100200000764
100200003901
100200003071
100200001074
100200004930
100200001677
100200001652
100200005428
100200003984
100200003679
100200005429
100200000168
100200005430
100200005431
100200000052
100200004448
100200002474
100200004031
100200005432
100200001160
100200004070
100200001465
100200000353
100200004115
100200002171
100200005433
100200004832
100200002299
100200003615
100200004509
100200003323
100200000375
100200004494
100200004520
100200005434
100200000973
100200001028
100200005435
100200002992
100200003394
100200003106
100200003339
100200002938
100200005436
100200004022
100200005437
100200005438
100200001671
100200004644
100200003562
100200005439
100200001906
100200004030
100200004518
100200001392
100200005440
100200001396
100200004697
100200001165
100200002156
100200005441
100200000729
100200000982
100200000187
100200000288
100200004564
100200000436
100200001238
100200000531
100200005442
100200002228
100200002122
100200003048
100200004563
100200002112
100200005443
100200005444
100200000006
100200004220
100200005445
100200004960
100200004650
100200004881
100200001408
100200003866
100200003983
100200004438
100200004287
100200004186
100200004101
100200004087
100200005446
100200005447
100200005448
100200000621
100200005449
100200004500
100200000807
100200000979
100200003196
100200005450
100200005451
100200004780
100200000563
100200004561
100200004244
100200005452
100200003353
100200005453
100200004599
100200005454
100200003260
100200004968
100200001479
100200000932
100200005455
100200002438
100200002611
100200003289
100200003383
100200002991
100200002876
100200002724
100200005456
100200005457
100200001687
100200001309
100200005458
100200005459
100200002762
100200004621
100200005133
100200004532
100200005460
100200001908
100200005461
100200003103
100200005462
100200002046
100200001849
100200003450
100200002932
100200003709
100200003325
100200002633
100200005030
100200003735
100200004853
100200005463
100200005182
100200005464
100200003894
100200005465
100200005466
100200001099
100200000345
100200005467
100200005468
100200002183
100200000058
100200005469
100200000263
100200005470
100200005471
100200005472
100200001896
100200005060
100200001624
100200002004
100200002166
100200001786
100200005473
100200005474
100200004489
100200005475
100200004469
100200005476
100200005477
100200000249
100200000172
100200004598
100200001932
100200000177
100200005228
100200000112
100200005478
100200005479
100200002114
100200004663
100200004142
100200005005
100200005480
100200005481
100200004952
100200004731
100200005482
100200005483
100200001433
100200003110
100200000289
100200000552
100200002658
100200001211
100200000102
100200005484
100200001859
100200000730
100200004555
100200002971
100200005485
100200005486
100200002372
100200002047
100200003698
100200002689
100200001443
100200004847
100200004224
100200005487
100200004606
100200000446
100200005488
100200005489
100200004913
100200005490
100200005491
100200005492
100200005493
100200005494
100200004686
100200002613
100200005495
100200005496
100200000896
100200001089
100200005497
100200005498
100200005499
100200005500
100200004169
100200004949
100200000724
100200005501
100200000802
100200003629
100200003673
100200005502
100200005503
100200002829
100200004569
100200000938
100200005504
100200000742
100200005505
100200004712
100200001389
100200005506
100200005507
100200003163
100200005270
100200005508
100200005509
100200005510
100200005511
100200001468
100200005512
100200005513
100200004043
100200005514
100200005515
100200004311
100200004674
100200004647
100200004548
100200005516
100200004803
100200001863
100200005517
100200004613
100200005518
100200004536
100200002958
100200000663
100200003672
100200005519
100200001963
100200001673
100200005520
100200001623
100200005521
100200005522
100200005523
100200000937
100200000427
100200004118
100200001943
100200005524
100200005525
100200005526
100200005527
100200000561
100200004636
100200002365
100200003104
100200005528
100200005529
100200005530
100200005531
100200005532
100200005533
100200005534
100200005019
100200005535
100200000438
100200005536
100200005537
100200005538
100200002369
100200005539
100200005540
100200005541
100200005542
100200005543
100200005544
100200001226
100200005545
100200005546
100200005547
100200005548
100200002322
100200000576
100200005549
100200001093
100200001129
100200005550
100200005551
100200002128
100200005552
100200000662
100200005009
100200005553
100200005554
100200001524
100200005003
100200004656
100200003547
100200001220
100200005555
100200004175
100200004991
100200000969
100200005556
100200000888
100200004018
100200005557
100200004414
100200005558
100200003805
100200005559
100200005560
100200005561
100200005562
100200005563
100200005564
100200004667
100200005565
100200000181
100200005566
100200000925
100200005268
100200004231
100200005567
100200005568
100200004487
100200002491
100200005569
100200005570
100200004873
100200003641
100200003796
100200004869
100200005571
100200002252
100200005572
100200005573
100200005574
100200005575
100200004619
100200003937
100200002350
100200002217
100200005576
100200004841
100200004073
100200002273
100200005577
100200000846
100200004558
100200004552
100200000508
100200005578
100200002021
100200004239
100200003651
100200005579
100200004540
100200001538
100200000340
100200005580
100200005581
100200004651
100200005582
100200005583
100200005584
100200005585
100200005586
100200003790
100200005100
100200005587
100200004025
100200005588
100200002922
100200005589
100200005590
100200005591
100200001366
100200003780
100200000835
100200005592
100200005593
100200005042
100200004886
100200005594
100200005595
100200002526
100200000122
100200003817
100200004964
100200005596
100200002777
100200000026
100200002420
100200005597
100200004671
100200002709
100200005598
100200005599
100200004015
100200000952
100200004586
100200003647
100200005600
100200005601
100200005602
100200005603
100200005604
100200005605
100200005606
100200004579
100200004164
100200005607
100200005608
100200003291
100200002664
100200000505
100200000130
100200005609
100200005610
100200005611
100200005612
100200004495
100200005613
100200005614
100200004877
100200005615
100200004804
100200005616
100200005119
100200005617
100200005618
100200004768
100200005619
100200005150
100200005620
100200005621
100200005622
100200005623
100200004669
100200005624
100200000049
100200005625
100200005626
100200005113
100200005627
100200005628
100200005629
100200005630
100200002120
100200005631
100200005632
100200005633
100200005634
100200005635
100200005636
100200004801
100200004854
100200005637
100200005638
100200002763
100200000314
100200004943
100200004504
100200005639
100200000757
100200005640
100200005641
100200002034
100200001758
100200001634
100200005642
100200002905
100200005643
100200001868
100200005644
100200001779
100200005645
100200000235
100200005646
100200001897
100200005647
100200005648
100200005649
100200004363
100200005650
100200004382
100200005018
100200005651
100200001276
100200005652
100200001612
100200005653
100200003388
100200005114
100200001319
100200001442
100200005654
100200005655
100200005656
100200005657
100200004268
100200005658
100200004120
100200005659
100200005063
100200005660
100200003092
100200005661
100200004892
100200005662
100200005663
100200005664
100200005665
100200005666
100200005667
100200005668
100200005669
100200005670
100200005671
100200000386
100200004811
100200002881
100200005672
100200005673
100200002528
100200005674
100200004652
100200005675
100200005676
100200003030
100200004442
100200005677
100200005678
100200004321
100200001852
100200005679
100200005680
100200003129
100200004312
100200005681
100200005223
100200004642
100200005682
100200002587
100200004503
100200005294
100200005683
100200002442
100200005684
100200005685
100200004615
100200005686
100200005687
100200005688
100200005689
100200002449
100200003960
100200002362
100200005690
100200005691
100200005692
100200002868
100200005693
100200000161
100200005694
100200005695
100200001477
100200002523
100200005696
100200005697
100200005698
100200005699
100200003757
100200005700
100200002215
100200001762
100200005701
100200005702
100200005703
100200005704
100200005705
100200005706
100200003277
100200003108
100200005707
100200005708
100200003873
100200003575
100200004515
100200001693
100200000570
100200005709
100200005710
100200005711
100200005712
100200005713
100200003315
100200005714
100200005715
100200005716
100200004032
100200000602
100200005717
100200005718
100200005719
100200001195
100200005720
100200005721
100200004876
100200004990
100200000967
100200005722
100200004997
100200005723
100200005724
100200005725
100200005726
100200005727
100200001574
100200005111
100200001643
100200005728
100200005202
100200005107
100200005729
100200001864
100200005730
100200005731
100200005732
100200005733
100200005734
100200005735
100200005736
100200003393
100200005737
100200002561
100200005738
100200005739
100200004269
100200005740
100200001236
100200000419
100200005741
100200004409
100200001988
100200000394
100200002193
100200005742
100200003580
100200005743
100200005744
100200005745
100200005746
100200005747
100200005748
100200000175
100200005749
100200005750
100200005751
100200005752
100200000486
100200005753
100200005754
100200003370
100200005755
100200005756
100200005241
100200005757
100200005758
100200001597
100200004941
100200005759
100200005760
100200005761
100200005762
100200005763
100200005764
100200005765
100200000460
100200005766
100200005767
100200005768
100200004550
100200005769
100200005770
100200002465
100200005771
100200005772
100200005773
100200004678
100200005774
100200005775
100200002361
100200001512
100200001535
100200005776
100200005777
100200005778
100200004246
100200002983
100200005779
100200003304
100200001453
100200005780
100200005781
100200003180
100200002859
100200005050
100200005044
100200005782
100200004633
100200005783
100200004197
100200005784
100200005785
100200005786
100200005787
100200004666
100200005788
100200005789
100200004516
100200001754
100200003272
100200004802
100200004954
100200005790
100200003659
100200005791
100200005792
100200004987
100200005793
100200003800
100200005025
100200005794
100200005795
100200001737
100200004885
100200005796
100200005797
100200005798
100200002360
100200004185
100200005799
100200005800
100200005801
100200005802
100200005803
100200005054
100200005804
100200005805
100200005806
100200003265
100200005807
100200005808
100200002019
100200005809
100200004182
100200005810
100200005811
100200005812
100200005813
100200005814
100200004978
100200005815
100200005816
100200005049
100200004976
100200005817
100200005818
100200002435
100200005819
100200005820
100200005821
100200004822
100200005822
100200003668
100200004793
100200005823
100200003997
100200000858
100200005824
100200001439
100200005110
100200000718
100200005825
100200001695
100200004422
100200005826
100200005827
100200005088
100200002103
100200005828
100200005013
100200003855
100200005829
100200005830
100200001461
100200004333
100200003157
100200005831
100200005832
100200005833
100200005834
100200005028
100200003689
100200005835
100200005836
100200005837
100200005838
100200005839
100200005840
100200005841
100200005842
100200005843
100200003879
100200005844
100200005845
100200005846
100200005847
100200005848
100200005849
100200005850
100200005851
100200001804
100200005852
100200001338
100200005853
100200005854
100200005855
100200001209
100200005856
100200004850
100200005857
100200000707
100200005858
100200005859
100200005860
100200005861
100200005862
100200005863
100200005864
100200005865
100200005866
100200005867
100200005868
100200005869
100200005870
100200005871
100200005872
100200005873
100200005874
100200005875
100200005876
100200005877
100200005878
100200005879
100200001082
100200005880
100200003233
100200005881
100200004146
100200005882
100200005883
100200005884
100200005885
100200000792
100200005886
100200005887
100200005075
100200003583
100200005888
100200005889
100200005890
100200001869
100200005891
100200005892
100200005893
100200005894
100200005895
100200005896
100200005897
100200005898
100200005899
100200004314
100200005900
100200005901
100200005902
100200001911
100200002073
100200005903
100200001216
100200005904
100200005905
100200005906
100200005907
100200000309
100200005908
100200005168
100200005909
100200004985
100200005910
100200005911
100200005912
100200002204
100200005913
100200005914
100200003704
100200005915
100200005916
100200005917
100200005918
100200003086
100200005919
100200005920
100200004441
100200005921
100200005922
100200005923
100200001732
100200005924
100200000660
100200004611
100200005925
100200005926
100200003635
100200005927
100200002317
100200005928
100200005929
100200005930
100200005931
100200005932
100200000543
100200005933
100200005934
100200004162
100200005935
100200005936
100200005937
100200005938
100200005939
100200005940
100200005941
100200004685
100200005942
100200002008
100200004326
100200004098
100200005031
100200005943
100200001348
100200005944
100200005945
100200005946
100200005947
100200005948
100200000441
100200005949
100200005950
100200005951
100200005952
100200005953
100200005954
100200005955
100200005956
100200005957
100200004683
100200005958
100200005959
100200004861
100200004843
100200005960
100200004858
100200005961
100200005962
100200004871
100200001569
100200000090
100200005963
100200000038
100200005964
100200004887
100200005965
100200004753
100200002560
100200005966
100200005967
100200005968
100200005969
100200005970
100200002657
100200005971
100200005972
100200002836
100200005973
100200005974
100200005975
100200005976
100200005977
100200005978
100200005979
100200005980
100200005981
100200005982
100200005983
100200003200
100200005984
100200005985
100200005986
100200005987
100200005988
100200005989
100200005990
100200005991
100200005992
100200005993
100200004921
100200005994
100200005126
100200002456
100200000658
100200002693
100200005995
100200003211
100200005093
100200005996
100200005997
100200005998
100200001248
100200005999
100200006000
100200004706
100200005261
100200006001
100200006002
100200004846
100200006003
100200006004
100200006005
100200006006
100200003338
100200006007
100200006008
100200000521
100200006009
100200006010
100200006011
100200006012
100200004789
100200006013
100200005021
100200004844
100200006014
100200006015
100200006016
100200006017
100200005287
100200002807
100200006018
100200006019
100200004714
100200003632
100200004660
100200006020
100200006021
100200006022
100200006023
100200006024
100200006025
100200006026
100200002685
100200006027
100200006028
100200003002
100200006029
100200006030
100200006031
100200006032
100200006033
100200006034
100200006035
100200006036
100200006037
100200003969
100200006038
100200006039
100200006040
100200004103
100200006041
100200006042
100200006043
100200006044
100200006045
100200006046
100200006047
100200006048
100200001698
100200001327
100200006049
100200006050
100200006051
100200006052
100200000317
100200006053
100200006054
100200003904
100200001303
100200001307
100200006055
100200006056
100200004900
100200002772
100200006057
100200002904
100200006058
100200006059
100200006060
100200006061
100200000756
100200006062
100200000527
100200006063
100200006064
100200003599
100200006065
100200004358
100200001657
100200004528
100200006066
100200006067
100200006068
100200006069
100200006070
100200006071
100200006072
100200003479
100200001656
100200000047
100200006073
100200006074
100200006075
100200006076
100200002661
100200006077
100200006078
100200006079
100200006080
100200006081
100200006082
100200006083
100200000504
100200006084
100200006085
100200006086
100200006087
100200005068
100200006088
100200006089
100200005148
100200006090
100200006091
100200006092
100200003639
100200006093
100200006094
100200006095
100200006096
100200006097
100200001050
100200006098
100200001925
100200006099
100200003279
100200006100
100200006101
100200006102
100200006103
100200002711
100200006104
100200006105
100200006106
100200006107
100200001955
100200006108
100200006109
100200006110
100200006111
100200006112
100200006113
100200006114
100200006115
100200006116
100200006117
100200006118
100200006119
100200006120
100200006121
100200004259
100200006122
100200006123
100200006124
100200006125
100200006126
100200006127
100200006128
100200002636
100200006129
100200006130
100200006131
100200006132
100200006133
100200006134
100200006135
100200006136
100200004187
100200006137
100200006138
100200002815
100200006139
100200001662
100200006140
100200006142
100200006141
100200004738
100200006143
100200006144
100200006145
100200006146
100200006147
100200006148
100200006149
100200001683
100200001914
100200004449
100200001725
100200006150
100200006151
100200006152
100200006153
100200006154
100200006155
100200006156
100200006157
100200006158
100200004790
100200004618
100200001166
100200006159
100200006160
100200004670
100200006161
100200006162
100200006163
100200004879
100200003018
100200001730
100200004623
100200006164
100200006165
100200006166
100200006167
100200006168
100200006169
100200006170
100200006171
100200006172
100200006173
100200006174
100200003655
100200006175
100200006176
100200001546
100200006177
100200006178
100200006179
100200000717
100200006180
100200004764
100200006181
100200006182
100200006183
100200006184
100200006185
100200006186
100200006187
100200004064
100200003475
100200006188
100200006189
100200006190
100200004883
100200006191
100200006192
100200006193
100200000580
100200004081
100200005047
100200006194
100200006195
100200003594
100200006196
100200006197
100200006198
100200006199
100200006200
100200003029
100200000934
100200006201
100200004301
100200006202
100200002172
100200006203
100200006204
100200006205
100200006206
100200006207
100200006208
100200006209
100200006210
100200003013
100200006211
100200006212
100200006213
100200006214
100200006215
100200001720
100200006216
100200006217
100200006218
100200006219
100200006220
100200006221
100200006222
100200006223
100200002137
100200006224
100200006225
100200006226
100200001910
100200006227
100200006228
100200001813
100200006229
100200006230
100200006231
100200006232
100200006233
100200006234
100200006235
100200005096
100200006236
100200005108
100200006237
100200006238
100200006239
100200004842
100200006240
100200006241
100200003366
100200006242
100200006243
100200006244
100200006245
100200006246
100200006247
100200006248
100200006249
100200006250
100200006251
100200006252
100200006253
100200004380
100200006254
100200004866
100200004173
100200006255
100200006256
100200006257
100200006258
100200006259
100200006260
100200006261
100200006262
100200006263
100200000694
100200006264
100200006265
100200006266
100200006267
100200006268
100200002659
100200006269
100200006270
100200006271
100200006272
100200006273
100200006274
100200006275
100200006276
100200006277
100200001462
100200006278
100200006279
100200006280
100200006281
100200006282
100200006283
100200006284
100200006285
100200004291
100200001857
100200006286
100200004534
100200006287
100200006288
100200006289
100200006290
100200004751
100200006291
100200006292
100200000267
100200003538
100200006293
100200006294
100200004725
100200006295
100200006296
100200006297
100200006298
100200006299
100200002277
100200001157
100200006300
100200006301
100200006302
100200006303
100200004295
100200006304
100200006305
100200006306
100200000702
100200006307
100200003053
100200005265
100200006308
100200006309
100200006310
100200006311
100200006312
100200002186
100200006313
100200003840
100200006314
100200003446
100200001998
100200006315
100200006316
100200006317
100200006318
100200006319
100200003891
100200006320
100200006321
100200006322
100200002453
100200006323
100200006324
100200006325
100200006326
100200006327
100200006328
100200006329
100200006330
100200006331
100200006332
100200006333
100200006334
100200006335
100200002742
100200006336
100200006337
100200006338
100200003798
100200006339
100200006340
100200006341
100200003957
100200006342
100200006343
100200001659
100200006344
100200006345
100200006346
100200006347
100200003131
100200000318
100200006348
100200006349
100200006350
100200002669
100200003657
100200006351
100200003222
100200006352
100200002988
100200006353
100200006354
100200006355
100200006356
100200006357
100200006358
100200003362
100200004349
100200006359
100200006360
100200006361
100200004076
100200006362
100200006363
100200006364
100200006365
100200004061
100200006366
100200000815
100200003296
100200003297
100200003298
100200003300
100200003310
100200003312
100200003309
100200003308
100200003307
100200006367
100200006368
100200006369
100200006370
100200006371
100200006372
100200006373
100200001201
100200006374
100200001123
100200006375
100200006376
100200006377
100200006378
100200006379
100200006380
100200006381
100200006382
100200006383
100200000082
100200000783
100200006384
100200003301
100200006385
100200003864
100200006386
100200006387
100200006388
100200006389
100200006390
100200006391
100200006392
100200006393
100200006394
100200006395
100200004818
100200006396
100200006397
100200006398
100200006399
100200006400
100200006401
100200003719
100200006402
100200006403
100200006404
100200006405
100200006406
100200006407
100200006408
100200002927
100200006409
100200006410
100200003543
100200006411
100200006412
100200004608
100200006413
100200006414
100200006415
100200006416
100200002429
100200006417
100200000851
100200006418
100200006419
100200006420
100200003939
100200005172
100200006421
100200006422
100200006423
100200006424
100200000887
100200000641
100200002043
100200006425
100200006426
100200006427
100200006428
100200003409
100200006429
100200006430
100200006431
100200006432
100200006433
100200006434
100200006435
100200006436
100200001592
100200006437
100200006438
100200006439
100200006440
100200005273
100200002376
100200006441
100200006442
100200006443
100200006444
100200006445
100200006446
100200006447
100200006448
100200002764
100200006449
100200006450
100200006451
100200006452
100200005095
100200006453
100200006454
100200006455
100200006456
100200006457
100200006458
100200004241
100200006459
100200006460
100200006461
100200006462
100200006463
100200006464
100200006465
100200006466
100200004355
100200006467
100200002086
100200006468
100200006469
100200006470
100200006471
100200006472
100200006473
100200006474
100200006475
100200006476
100200006477
100200006478
100200006479
100200003621
100200006480
100200006481
100200006482
100200006483
100200006484
100200006485
100200006486
100200006487
100200006488
100200006489
100200006490
100200006491
100200006492
100200006493
100200004254
100200006494
100200006495
100200006496
100200006497
100200003671
100200006498
100200006499
100200006500
100200006501
100200006502
100200006503
100200006504
100200006505
100200006506
100200006507
100200006508
100200006509
100200006510
100200006511
100200006512
100200005081
100200006513
100200006514
100200006515
100200006516
100200000805
100200005220
100200006517
100200006518
100200006519
100200006520
100200006521
100200006522
100200006523
100200000656
100200006524
100200003912
100200001799
100200006525
100200006526
100200006527
100200006528
100200006529
100200006530
100200006531
100200006532
100200006533
100200006534
100200006535
100200006536
100200004786
100200006537
100200004351
100200006538
100200006539
100200006540
100200006541
100200006542
100200006543
100200001707
100200006544
100200006545
100200006546
100200006547
100200006548
100200006549
100200006550
100200006551
100200006552
100200006553
100200006554
100200006555
100200006556
100200006557
100200006558
100200006559
100200006560
100200006561
100200006562
100200006563
100200006564
100200006565
100200002696
100200003950
100200006566
100200006567
100200006568
100200006569
100200006570
100200006571
100200006572
100200006573
100200006574
100200006575
100200001031
100200006576
100200006577
100200006578
100200004154
100200004135
100200006579
100200006580
100200006581
100200001446
100200006582
100200006583
100200006584
100200006585
100200006586
100200006587
100200006588
100200006589
100200006590
100200006591
100200006592
100200006593
100200006594
100200006595
100200006596
100200006597
100200006598
100200006599
100200006600
100200006601
100200006602
100200006603
100200006604
100200006605
100200006606
100200006607
100200006608
100200006609
100200006610
100200006611
100200006612
100200006613
100200006614
100200005171
100200006615
100200006616
100200006617
100200006618
100200006619
100200001277
100200006620
100200006621
100200006622
100200001065
100200006623
100200006624
100200006625
100200006626
100200006627
100200006628
100200006629
100200001589
100200006630
100200006631
100200006632
100200006633
100200006634
100200006635
100200006636
100200006637
100200006638
100200006639
100200004904
100200006640
100200006641
100200006642
100200006643
100200006644
100200006645
100200006646
100200006647
100200006648
100200003405
100200006649
100200006650
100200006651
100200004437
100200006652
100200003105
100200006653
100200006654
100200006655
100200006656
100200005141
100200005038
100200006657
100200001816
100200005188
100200000813
100200002426
100200006658
100200002957
100200006659
100200006660
100200006661
100200006662
100200006663
100200006664
100200006665
100200002912
100200006666
100200006667
100200006668
100200006669
100200006670
100200006671
100200006672
100200006673
100200006674
100200006675
100200006676
100200006677
100200006678
100200006679
100200006680
100200006681
100200005079
100200006682
100200006683
100200006684
100200001937
100200006685
100200006686
100200006687
100200003292
100200006688
100200006689
100200006690
100200006691
100200006692
100200006693
100200006694
100200006695
100200006696
100200006697
100200006698
100200006699
100200006700
100200006701
100200006702
100200006703
100200006704
100200006705
100200006706
100200006707
100200006708
100200004959
100200006709
100200006710
100200006711
100200004838
100200006712
100200006713
100200006714
100200006715
100200006716
100200006717
100200006718
100200006719
100200006720
100200006721
100200006722
100200006723
100200006724
100200002547
100200006725
100200004272
100200006726
100200006727
100200006728
100200006729
100200006730
100200006731
100200004955
100200006732
100200006733
100200004367
100200003245
100200006734
100200004455
100200006735
100200006736
100200006737
100200006738
100200006739
100200006740
100200006741
100200006742
100200006743
100200006744
100200006745
100200006746
100200006747
100200006748
100200006749
100200001004
100200001399
100200003282
100200006750
100200006751
100200006752
100200006753
100200001952
100200006754
100200006755
100200006756
100200006757
100200006758
100200006759
100200006760
100200003229
100200002484
100200006761
100200001872
100200006762
100200006763
100200006764
100200006765
100200006766
100200006767
100200006768
100200006769
100200006770
100200006771
100200006772
100200006773
100200006774
100200006775
100200006776
100200006777
100200006778
100200006779
100200006780
100200006781
100200005077
100200006782
100200006783
100200006784
100200006785
100200006786
100200006787
100200006788
100200006789
100200006790
100200006791
100200006792
100200002920
100200001874
100200006793
100200004635
100200006794
100200006795
100200006796
100200006797
100200006798
100200006799
100200006800
100200006801
100200006802
100200006803
100200006804
100200002519
100200002121
100200006805
100200006806
100200006807
100200006808
100200003005
100200006809
100200006810
100200006811
100200006812
100200006813
100200006814
100200006815
100200006816
100200005232
100200006817
100200006818
100200006819
100200006820
100200006821
100200006822
100200006823
100200006824
100200006825
100200006828
100200006827
100200006826
100200006829
100200006831
100200006830
100200006832
100200002684
100200006833
100200006834
100200006835
100200006836
100200005130
100200006837
100200001949
100200006838
100200006839
100200006840
100200006841
100200006842
100200006843
100200006844
100200006845
100200006846
100200006847
100200006848
100200006849
100200006850
100200006853
100200006851
100200006854
100200006852
100200006855
100200006856
100200006857
100200006858
100200006859
100200006860
100200006861
100200006862
100200006863
100200006864
100200006865
100200006866
100200006867
100200006868
100200006869
100200006870
100200006874
100200006876
100200006872
100200006873
100200006875
100200006871
100200006877
100200006878
100200006879
100200002623
100200006880
100200006881
100200006882
100200006883
100200006884
100200006885
100200006886
100200006887
100200004948
100200006888
100200002993
100200006889
100200006890
100200002224
100200006891
100200006892
100200006893
100200006894
100200006895
100200006896
100200006897
100200006898
100200006899
100200006900
100200006901
100200006902
100200006904
100200006903
100200006905
100200006908
100200006906
100200006907
100200006909
100200006910
100200006911
100200006912
100200006913
100200002688
100200006914
100200006915
100200006916
100200006917
100200006918
100200006919
100200006920
100200006921
100200006922
100200006923
100200006924
100200006925
100200006926
100200006927
100200006928
100200006931
100200006929
100200006930
100200006933
100200006932
100200006934
100200006935
100200004758
100200005074
100200006936
100200006937
100200006938
100200006939
100200006940
100200006941
100200006942
100200006943
100200006944
100200006945
100200006946
100200006947
100200006948
100200006949
100200006950
100200006951
100200006952
100200006953
100200006954
100200006955
100200006956
100200006957
100200006958
100200004443
100200006959
100200006960
100200006961
100200006962
100200006963
100200006964
100200006965
100200006966
100200006967
100200006968
100200006969
100200006970
100200006971
100200006972
100200006973
100200006975
100200006974
100200006976
100200006977
100200006978
100200006980
100200006979
100200006981
100200006982
100200006983
100200006984
100200006985
100200006986
100200006987
100200006988
100200006989
100200006990
100200006991
100200006992
100200006993
100200006994
100200006995
100200006996
100200006997
100200006998
100200006999
100200002747
100200007000
100200007001
100200007002
100200007003
100200007004
100200007005
100200007006
100200007007
100200007008
100200007009
100200003716
100200007010
100200007011
100200007012
100200007013
100200007014
100200003359
100200007015
100200007016
100200007017
100200007018
100200007019
100200007020
100200007021
100200007022
100200007023
100200007024
100200007025
100200007026
100200007027
100200007028
100200007029
100200007030
100200007031
100200007032
100200007033
100200007034
100200007035
100200007036
100200007037
100200002951
100200002959
100200007038
100200007039
100200007040
100200007041
100200007042
100200007043
100200002090
100200007044
100200007045
100200005253
100200007046
100200007047
100200007048
100200007049
100200007050
100200007051
100200003149
100200007052
100200007053
100200007054
100200007055
100200007056
100200007057
100200007058
100200007059
100200007060
100200007061
100200007062
100200007063
100200007064
100200007065
100200007066
100200007067
100200001688
100200007068
100200007069
100200007070
100200007071
100200007072
100200007073
100200007074
100200003027
100200007075
100200007076
100200007077
100200007078
100200007079
100200007080
100200007081
100200002662
100200007082
100200007083
100200007084
100200007085
100200007086
100200007087
100200007088
100200007089
100200007090
100200007091
100200007092
100200007093
100200003902
100200007094
100200007095
100200004110
100200007096
100200007097
100200007098
100200007099
100200007100
100200007101
100200007102
100200007103
100200007104
100200007105
100200007106
100200007107
100200007108
100200007109
100200007110
100200007111
100200007112
100200007113
100200007114
100200007115
100200007116
100200007117
100200007118
100200007119
100200007120
100200007121
100200007122
100200007123
100200007124
100200007125
100200007126
100200007127
100200007128
100200003040
100200007129
100200007130
100200007131
100200007132
100200007133
100200007134
100200007135
100200007136
100200007137
100200007138
100200007139
100200007140
100200007141
100200007142
100200007143
100200007144
100200007145
100200007146
100200007147
100200007148
100200007149
100200007150
100200007151
100200007152
100200007153
100200007154
100200007155
100200007156
100200007157
100200004545
100200007158
100200007159
100200007160
100200007161
100200007162
100200007163
100200007164
100200007165
100200007166
100200007167
100200007168
100200000034
100200007169
100200007170
100200007171
100200007172
100200007173
100200007174
100200007175
100200007176
100200007177
100200001481
100200007178
100200002637
100200007179
100200007180
100200007181
100200007182
100200001996
100200007183
100200007184
100200007185
100200007186
100200001771
100200007187
100200007188
100200007189
100200007190
100200007191
100200007192
100200007193
100200007194
100200007195
100200007196
100200007197
100200007198
100200007199
100200002719
100200007200
100200007201
100200007202
100200007203
100200007204
100200007205
100200007206
100200007207
100200002051
100200007208
100200007209
100200007210
100200007211
100200002331
100200007212
100200007213
100200007214
100200007215
100200007216
100200007217
100200007218
100200007219
100200007220
100200007221
100200002942
100200007222
100200003212
100200007223
100200004203
100200007224
100200002789
100200007225
100200007226
100200007227
100200007228
100200007229
100200007230
100200007231
100200007232
100200007233
100200007234
100200007235
100200007236
100200007237
100200007238
100200007239
100200007240
100200007241
100200007242
100200007243
100200007244
100200007245
100200002203
100200007246
100200007247
100200007248
100200007249
100200003001
100200007250
100200007251
100200003733
100200007252
100200007253
100200007254
100200007255
100200001566
100200007256
100200007257
100200007258
100200007259
100200007260
100200007261
100200007262
100200005122
100200007263
100200007264
100200007265
100200007266
100200007267
100200007268
100200007269
100200007270
100200007271
100200007272
100200007273
100200007274
100200007275
100200007276
100200007277
100200007278
100200007279
100200007280
100200007281
100200002287
100200007282
100200007283
100200007284
100200007285
100200007286
100200001091
100200007287
100200000245
100200007288
100200007289
100200007290
100200007291
100200007292
100200007293
100200007294
100200007295
100200007296
100200007297
100200007298
100200007299
100200007300
100200007301
100200007302
100200007303
100200007304
100200007305
100200007306
100200001888
100200007307
100200007308
100200007309
100200007310
100200007311
100200007312
100200007313
100200007314
100200007315
100200007316
100200007317
100200007318
100200007319
100200007320
100200007321
100200007322
100200007323
100200002056
100200007324
100200007325
100200007326
100200007327
100200007328
100200007329
100200007330
100200007331
100200007332
100200007333
100200007335
100200007334
100200007336
100200007337
100200007338
100200007339
100200007340
100200007341
100200007342
100200007343
100200007344
100200007345
100200007346
100200002675
100200007347
100200002897
100200007348
100200007349
100200005212
100200007350
100200007351
100200007352
100200007353
100200007354
100200007355
100200007356
100200007357
100200007358
100200007359
100200007360
100200007361
100200007362
100200007363
100200007364
100200007365
100200007366
100200007367
100200007368
100200007369
100200007370
100200007371
100200007372
100200004672
100200007373
100200007374
100200007375
100200007376
100200007377
100200007378
100200007379
100200007380
100200007381
100200007382
100200007383
100200007384
100200007385
100200007386
100200003033
100200007387
100200007388
100200007389
100200007390
100200007391
100200007392
100200007393
100200003529
100200007394
100200007395
100200007396
100200007397
100200007398
100200007399
100200007400
100200007401
100200007402
100200007403
100200007404
100200007405
100200007406
100200005037
100200007407
100200007408
100200007409
100200007410
100200007411
100200007412
100200007413
100200007414
100200007415
100200007416
100200007417
100200007418
100200007419
100200007420
100200007421
100200007422
100200007423
100200007424
100200007425
100200007426
100200007427
100200007428
100200007429
100200007430
100200007431
100200007432
100200002250
100200003582
100200007433
100200007434
100200004785
100200007435
100200007436
100200007437
100200007438
100200007439
100200007440
100200003755
100200007441
100200007442
100200007443
100200007444
100200007445
100200001838
100200007446
100200007447
100200007448
100200007449
100200007450
100200007451
100200007452
100200007453
100200007454
100200007455
100200007456
100200002531
100200007457
100200003255
100200007458
100200007459
100200007460
100200007461
100200007462
100200007463
100200007464
100200007465
100200007466
100200007467
100200007468
100200007469
100200007470
100200007471
100200005292
100200007472
100200007473
100200007474
100200007475
100200007476
100200007477
100200007478
100200002356
100200007479
100200007480
100200007481
100200007482
100200007483
100200007484
100200007485
100200007486
100200007487
100200007488
100200007489
100200007490
100200007491
100200007492
100200007493
100200007494
100200007495
100200007496
100200007497
100200007498
100200007499
100200007500
100200007501
100200007502
100200007503
100200007504
100200007505
100200007506
100200007507
100200007508
100200007509
100200007510
100200003351
100200007511
100200007512
100200007513
100200007514
100200007515
100200007516
100200007517
100200007518
100200007519
100200007520
100200007521
100200007522
100200007523
100200007524
100200007525
100200007526
100200007527
100200007528
100200007529
100200007530
100200007531
100200007532
100200007533
100200007534
100200007535
100200007536
100200007537
100200007538
100200007539
100200007540
100200007541
100200002939
100200007542
100200007543
100200007544
100200002525
100200007545
100200007546
100200007547
100200007548
100200007549
100200007550
100200007551
100200007552
100200007553
100200007554
100200007555
100200007556
100200007557
100200007558
100200007559
100200007560
100200007561
100200007562
100200007563
100200007564
100200007565
100200007566
100200007567
100200007568
100200007569
100200007570
100200007571
100200007572
100200004284
100200007573
100200007574
100200007575
100200005180
100200007576
100200007577
100200007578
100200007579
100200002987
100200007580
100200007581
100200007582
100200007583
100200007584
100200007585
100200007586
100200007587
100200007588
100200007589
100200007590
100200007591
100200007592
100200002149
100200007593
100200003058
100200007594
100200007595
100200007596
100200007597
100200007598
100200007599
100200007600
100200007601
100200003333
100200007602
100200001684
100200007603
100200007604
100200007605
100200007606
100200007607
100200007608
100200007609
100200007610
100200007611
100200007612
100200007613
100200007614
100200007615
100200007616
100200007617
100200007618
100200007619
100200007620
100200007621
100200007622
100200007623
100200007624
100200007625
100200007626
100200007627
100200007628
100200007629
100200007630
100200007631
100200007632
100200007633
100200007634
100200007635
100200007636
100200004123
100200007637
100200007638
100200007639
100200007640
100200007641
100200007642
100200007643
100200007644
100200007645
100200007646
100200007647
100200007648
100200007649
100200001738
100200007650
100200007651
100200007652
100200007653
100200007654
100200007655
100200007656
100200007657
100200007658
100200007659
100200007660
100200007661
100200007662
100200007663
100200007664
100200007665
100200007666
100200007667
100200007668
100200007669
100200007670
100200007671
100200007672
100200007673
100200007674
100200007675
100200007676
100200007677
100200007678
100200007679
100200007680
100200007681
100200007682
100200007683
100200007684
100200007685
100200007686
100200007687
100200007688
100200004643
100200007689
100200007690
100200007691
100200007692
100200007693
100200007694
100200007695
100200007696
100200007697
100200001038
100200007698
100200001964
100200007699
100200007700
100200007701
100200007702
100200007703
100200007704
100200007705
100200007706
100200007707
100200007708
100200007709
100200007710
100200007711
100200004582
100200007712
100200007713
100200007714
100200007715
100200007716
100200007717
100200007718
100200007719
100200007720
100200007721
100200007722
100200007723
100200007724
100200007725
100200007726
100200007727
100200007728
100200002433
100200000304
100200007729
100200007730
100200007731
100200007732
100200007733
100200007734
100200007735
100200007736
100200007737
100200007738
100200007739
100200007740
100200007741
100200007742
100200007743
100200007744
100200007745
100200007746
100200007747
100200007748
100200007749
100200007750
100200007751
100200007752
100200007753
100200007754
100200007755
100200007756
100200007757
100200007758
100200007759
100200007760
100200007761
100200007762
100200007763
100200007764
100200007765
100200007766
100200007767
100200007768
100200007769
100200007770
100200007771
100200007772
100200007773
100200007774
100200007775
100200007776
100200007777
100200007778
100200007779
100200007780
100200007781
100200007782
100200007783
100200007784
100200007785
100200007786
100200007787
100200007788
100200007789
100200007790
100200007791
100200003667
100200007792
100200007793
100200007794
100200007795
100200007796
100200007797
100200007798
100200007799
100200007800
100200007801
100200007802
100200007803
100200007804
100200007805
100200001577
100200007806
100200007807
100200007808
100200007809
100200003126
100200007810
100200007811
100200007812
100200007813
100200007814
100200007815
100200007816
100200007817
100200007818
100200007819
100200007820
100200007821
100200007822
100200007823
100200007824
100200007825
100200007826
100200007827
100200007828
100200007829
100200007830
100200007831
100200007832
100200007833
100200002265
100200007834
100200007835
100200007836
100200007837
100200007838
100200007839
100200007840
100200007841
100200007842
100200007843
100200007844
100200007845
100200007846
100200007847
100200007848
100200007849
100200007850
100200007851
100200007852
100200003238
100200007853
100200007854
100200007855
100200007856
100200007857
100200007858
100200007859
100200007860
100200007861
100200007862
100200007863
100200003520
100200003175
100200007864
100200007865
100200007866
100200007867
100200007868
100200007869
100200007870
100200007871
100200007872
100200007873
100200007874
100200002776
100200007875
100200004894
100200007876
100200007877
100200002187
100200007878
100200007879
100200007880
100200007881
100200007882
100200007883
100200007884
100200007885
100200000036
100200007886
100200007887
100200007888
100200007889
100200007890
100200003378
100200007891
100200007892
100200007893
100200007894
100200007895
100200007896
100200004491
100200007897
100200007898
100200007899
100200007900
100200007901
100200007902
100200007903
100200004588
100200007904
100200007905
100200007906
100200007907
100200007908
100200007909
100200007910
100200007911
100200007912
100200007913
100200007914
100200007915
100200001951
100200007916
100200007917
100200007918
100200007919
100200007920
100200007921
100200007922
100200002962
100200007923
100200007924
100200007925
100200007926
100200007927
100200007928
100200007929
100200007930
100200007931
100200007932
100200007933
100200007934
100200007935
100200007936
100200007937
100200007938
100200001622
100200001528
100200007939
100200007940
100200007941
100200007942
100200007943
100200007944
100200003664
100200007945
100200007946
100200003666
100200004002
100200007947
100200007948
100200007949
100200003484
100200007950
100200007951
100200007952
100200007953
100200007954
100200007955
100200007956
100200007957
100200007958
100200007959
100200007960
100200007961
100200007962
100200007963
100200007964
100200007965
100200007966
100200007967
100200003182
100200007968
100200007969
100200007970
100200003732
100200007971
100200007972
100200007973
100200004981
100200007974
100200007975
100200007976
100200007977
100200007978
100200007979
100200007980
100200007981
100200007982
100200007983
100200003397
100200007984
100200007985
100200002681
100200007986
100200007987
100200007988
100200007989
100200007990
100200007991
100200004826
100200007992
100200007993
100200007994
100200007995
100200007996
100200007997
100200007998
100200007999
100200008000
100200008001
100200008002
100200008003
100200008004
100200008005
100200008006
100200008007
100200008008
100200008009
100200008010
100200008011
100200002227
100200008012
100200008013
100200008014
100200008015
100200008016
100200008017
100200008018
100200008019
100200008020
100200008021
100200008022
100200008023
100200008024
100200008025
100200008026
100200008027
100200008028
100200008029
100200008030
100200008031
100200008032
100200008033
100200008034
100200008035
100200008036
100200008037
100200008038
100200008039
100200008040
100200008041
100200008042
100200008043
100200008044
100200008045
100200008046
100200003601
100200008047
100200008048
100200008049
100200002538
100200008050
100200008051
100200008052
100200008053
100200008054
100200008055
100200008056
100200008057
100200008058
100200008059
100200008060
100200008061
100200008062
100200008063
100200008064
100200008065
100200008066
100200008067
100200008068
100200008069
100200008070
100200008071
100200008072
100200008073
100200008074
100200008075
100200008076
100200008077
100200008078
100200008079
100200008080
100200008081
100200008082
100200008083
100200008084
100200008085
100200008086
100200003003
100200008087
100200008088
100200008089
100200008090
100200008091
100200008092
100200008093
100200008094
100200008095
100200008096
100200008097
100200008098
100200008099
100200008100
100200008101
100200008102
100200008103
100200008104
100200008105
100200002384
100200008106
100200008107
100200008108
100200008109
100200008110
100200008111
100200008112
100200008113
100200008114
100200008115
100200008116
100200008117
100200008118
100200008119
100200008120
100200008121
100200008122
100200008123
100200008124
100200008125
100200001945
100200008126
100200008127
100200008128
100200008129
100200008130
100200008131
100200008132
100200008133
100200008134
100200008135
100200008136
100200008137
100200008138
100200000633
100200008139
100200008140
100200008141
100200008142
100200008143
100200008144
100200008145
100200008146
100200008147
100200008148
100200002177
100200008149
100200008150
100200001913
100200008151
100200008152
100200008153
100200008154
100200008155
100200008156
100200008157
100200008158
100200008159
100200002569
100200008160
100200008161
100200008162
100200008163
100200008164
100200008165
100200002891
100200008166
100200008167
100200008168
100200008169
100200008170
100200008171
100200008172
100200008173
100200008174
100200008175
100200003605
100200008176
100200008177
100200008178
100200008179
100200008180
100200001929
100200008181
100200005055
100200008182
100200003120
100200008183
100200008184
100200008185
100200008186
100200008187
100200008188
100200008189
100200008190
100200008191
100200008192
100200008193
100200008194
100200008195
100200008196
100200008197
100200008198
100200008199
100200008200
100200008201
100200008202
100200008203
100200008204
100200008205
100200008206
100200008207
100200008208
100200008209
100200008210
100200008211
100200008212
100200008213
100200008214
100200008215
100200008216
100200008217
100200008218
100200008219
100200008220
100200008221
100200008222
100200008223
100200008224
100200008225
100200008226
100200008227
100200008228
100200008229
100200008230
100200008231
100200008232
100200008233
100200008234
100200008235
100200008236
100200004158
100200008237
100200008238
100200008239
100200008240
100200008241
100200001861
100200008242
100200008243
100200008244
100200004814
100200008245
100200008246
100200008247
100200008248
100200008249
100200000125
100200008250
100200008251
100200008252
100200008253
100200008254
100200008255
100200008256
100200008257
100200008258
100200008259
100200008260
100200008261
100200008262
100200008263
100200008264
100200008265
100200008266
100200008267
100200008268
100200008269
100200008270
100200008271
100200008272
100200008273
100200008274
100200008275
100200008276
100200008277
100200008278
100200008279
100200008280
100200008281
100200008282
100200008283
100200008284
100200003607
100200008285
100200008286
100200008287
100200008288
100200008289
100200008290
100200008291
100200008292
100200008293
100200008294
100200008295
100200008296
100200008297
100200008298
100200002194
100200008299
100200008300
100200008301
100200008302
100200008303
100200008304
100200008305
100200008306
100200008307
100200008308
100200008309
100200008310
100200003445
100200008311
100200008312
100200008313
100200008314
100200008315
100200008316
100200008317
100200008318
100200008319
100200008320
100200008321
100200008322
100200008323
100200008324
100200008325
100200008326
100200005229
100200008327
100200008328
100200008329
100200003554
100200008330
100200008331
100200008332
100200008333
100200008334
100200008335
100200002208
100200008336
100200008337
100200008338
100200008339
100200008340
100200008341
100200008342
100200008343
100200008344
100200008345
100200008346
100200008347
100200008348
100200008349
100200008350
100200008351
100200008352
100200008353
100200008354
100200008355
100200008356
100200008357
100200008359
100200008358
100200008360
100200008361
100200008362
100200008363
100200008364
100200008365
100200008366
100200008367
100200008368
100200008369
100200008370
100200008371
100200008372
100200008373
100200008374
100200008375
100200008376
100200008377
100200008378
100200008379
100200008380
100200008381
100200008382
100200008383
100200008384
100200008385
100200008386
100200008387
100200008388
100200008389
100200008390
100200008391
100200008392
100200008393
100200008394
100200008395
100200008396
100200008397
100200008398
100200008399
100200008400
100200008401
100200008402
100200008403
100200008404
100200008405
100200008406
100200008407
100200008408
100200008409
100200008410
100200008411
100200008412
100200008413
100200008414
100200008415
100200008416
100200008417
100200005286
100200008418
100200008419
100200002017
100200008420
100200008421
100200008422
100200001266
100200008423
100200008424
100200002395
100200008425
100200008426
100200008427
100200008428
100200008429
100200008430
100200008431
100200008432
100200008433
100200008434
100200008435
100200008436
100200008437
100200008438
100200008439
100200008440
100200008441
100200008442
100200008443
100200008444
100200008445
100200008446
100200008447
100200008448
100200008449
100200008450
100200008451
100200008452
100200003674
100200008453
100200008454
100200001152
100200008455
100200008456
100200008457
100200008458
100200008459
100200008460
100200005271
100200008461
100200008462
100200002753
100200008463
100200008464
100200008465
100200008466
100200008467
100200008468
100200004699
100200008469
100200008470
100200008471
100200008472
100200008473
100200008474
100200008475
100200008476
100200008477
100200008478
100200008479
100200008480
100200008481
100200008482
100200008483
100200003052
100200008484
100200008485
100200008486
100200008487
100200008488
100200001437
100200008489
100200004045
100200008490
100200008491
100200008492
100200008493
100200008494
100200008495
100200008496
100200008497
100200008498
100200008499
100200008500
100200008501
100200008502
100200008503
100200008504
100200008505
100200008506
100200008507
100200008508
100200008509
100200008510
100200008511
100200008512
100200008513
100200008514
100200008515
100200008516
100200008517
100200008518
100200008519
