100100000308
100100001504
100100001539
100100000326
100100001129
100100000259
100100000861
100100000595
100100000305
100100000048
100100000166
100100000380
100100000402
100100000701
100100000580
100100000584
100100000853
100100000838
100100000765
100100000576
100100000445
100100000191
100100000518
100100000786
100100000757
100100000690
100100000355
100100000200
100100000730
100100000665
100100000831
100100000672
100100000451
100100000227
100100000718
100100000148
100100000015
100100001508
100100000511
100100000059
100100000159
100100000025
100100000108
100100000117
100100000574
100100000243
100100000183
100100000076
100100000444
100100000331
100100000953
100100000214
100100000022
100100000071
100100000138
100100000360
100100000023
100100000708
100100000303
100100000280
100100000830
100100000005
100100001690
100100000087
100100001480
100100001899
100100000255
100100001235
100100001785
100100000983
100100001191
100100001155
100100000397
100100001268
100100001941
100100001506
100100001448
100100000337
100100000727
100100000093
100100001412
100100000495
100100001004
100100000743
100100000001
100100001435
100100001418
100100000102
100100001036
100100000542
100100000177
100100001877
100100001961
100100001151
100100000225
100100001658
100100001784
100100001461
100100001616
100100000994
100100000905
100100000335
100100001025
100100000396
100100000336
100100000032
100100000034
100100001149
100100001009
100100000338
100100000289
100100000147
100100001046
100100000766
100100001310
100100000519
100100000536
100100000772
100100000121
100100000099
100100000263
100100000291
100100000767
100100001639
100100000167
100100000744
100100000841
100100001084
100100000707
100100000906
100100000680
100100001558
100100000540
100100000764
100100000507
100100000827
100100000912
100100001121
100100000539
100100000649
100100000593
100100000314
100100000872
100100001211
100100000825
100100000293
100100000594
100100000657
100100000843
100100000175
100100001468
100100001088
900100002207
900100002208
100100000154
100100001228
100100000135
100100000472
100100000676
100100000945
100100001513
100100000530
100100000858
100100001518
100100001116
100100000122
100100000987
100100000371
100100001449
100100000985
100100000253
100100000193
100100000777
100100000438
100100000179
100100000169
100100000012
100100000645
100100000215
100100001498
100100001346
100100001309
100100000640
100100001297
100100001291
100100000186
100100001325
100100002109
100100000247
100100000568
100100000132
100100000092
100100000383
100100000216
100100000187
100100000277
100100000408
100100000035
100100000118
100100000090
100100000061
100100001608
100100000036
100100000233
100100000328
100100000848
100100000496
100100000430
900100002209
100100001109
100100001698
100100001463
100100001396
100100001467
100100000488
100100000244
100100000004
100100000140
100100000379
100100000478
100100000497
100100000470
100100000324
100100000726
100100000731
100100000266
100100000791
100100000719
100100000724
100100002007
100100000460
100100000977
100100000145
100100000732
100100000446
100100000136
100100000300
100100000489
100100000897
100100000775
100100000958
100100000276
100100000610
100100000796
100100000783
100100001618
100100001937
100100001343
100100001174
100100000940
100100000851
100100001095
100100001562
100100000356
100100000813
100100001265
100100002021
100100001181
100100001342
100100001276
100100001384
100100000900
100100001723
100100001230
100100000463
100100001262
100100000917
100100001728
100100000486
100100000479
100100000638
100100001665
100100000261
100100001285
100100001223
100100000996
100100001400
100100001369
100100001499
100100001491
100100000482
100100000901
100100001329
100100000613
100100001357
100100000962
100100001306
100100001710
900100002210
100100000911
100100000874
100100000819
100100000795
900100002211
100100000199
100100001515
100100000933
100100000368
100100000392
100100000019
100100000133
100100000748
100100000569
100100000966
100100001040
100100000914
100100000257
100100000585
100100001960
100100000675
100100001661
100100000695
100100000655
100100001117
100100000414
100100000693
900100002212
100100001884
100100001977
100100001742
100100001855
100100001592
100100001832
100100001825
100100001780
100100001398
100100001472
100100001114
100100000160
100100000237
100100000054
900100002213
100100000245
100100000066
100100000212
100100002081
100100000627
100100001091
100100000636
100100002086
100100001891
100100000556
100100001968
900100002214
100100001075
100100000091
100100000710
100100000711
100100000737
100100000321
100100002073
100100001810
100100001824
100100000505
100100001864
100100001258
100100000808
100100000740
100100000350
100100000877
100100001038
100100001016
100100000222
100100002074
100100001936
100100001834
100100001744
100100001730
100100000998
100100001650
100100001626
100100001404
100100001308
100100000662
100100001222
100100001142
100100000086
100100001460
100100002033
100100001674
100100000069
100100000863
100100001085
100100000741
100100001215
100100000932
100100001195
100100001196
100100001713
100100000206
100100001445
100100001655
100100001493
100100001220
100100001745
100100001721
100100001394
100100001603
100100001762
900100002215
100100001692
100100001002
100100001747
100100001865
100100001450
100100001842
100100002069
100100002047
100100001850
100100001770
100100002042
100100001930
100100000347
100100001486
100100001579
100100001822
100100001956
900100002216
100100001573
900100002217
100100000038
100100000301
100100002000
100100001598
100100001520
100100000351
100100000030
100100002204
100100000134
100100000007
100100000103
100100000057
100100001923
100100001063
100100000218
100100002071
900100002218
100100001799
100100001679
100100001332
100100001105
100100000284
100100001067
100100001897
100100000114
100100000042
100100000329
100100001501
100100000149
100100001543
900100002219
100100001096
100100001795
100100001740
100100000524
900100002220
100100000751
100100000571
100100001750
100100001685
100100001203
100100000198
100100001441
100100001791
100100001643
100100001687
100100001494
100100001131
100100001185
100100001079
100100001087
900100002221
100100000465
100100002082
100100001731
100100001720
100100000758
100100000972
100100002002
100100000532
100100001872
100100001006
100100001733
100100001458
100100000523
100100000425
100100001623
900100002222
100100001483
100100000993
100100000988
100100000623
100100000278
100100001218
100100001794
100100000902
100100001214
100100001654
100100002154
900100002223
100100001470
100100002029
900100002224
100100001638
100100000898
100100001241
100100001849
100100001351
100100001279
100100001094
100100000349
100100001886
100100002091
100100001103
100100001862
100100001532
100100001349
100100001154
100100002105
100100001484
100100000621
100100002164
100100000588
100100001020
100100000224
100100001813
100100001089
100100001965
100100001318
100100002157
100100001452
100100001350
100100000866
100100001317
900100002225
100100001290
100100001107
100100001910
100100001746
900100002226
100100001282
900100002227
900100002228
100100001715
100100000235
100100001015
100100001022
900100002229
100100001766
100100000494
100100001385
100100000515
100100001805
100100001605
100100001482
100100000272
100100000343
100100001003
100100000466
900100002230
100100001947
900100002231
100100000365
100100002013
100100002049
900100002232
100100000113
100100000663
900100002233
100100001544
100100001393
900100002234
100100002132
100100001946
100100002099
900100002235
100100001660
900100002236
100100000323
100100001761
100100002046
100100001963
100100001064
100100001695
100100001364
100100002015
100100002135
900100002237
100100000067
900100002238
100100002102
100100000752
900100002239
900100002240
100100001752
100100001803
100100001986
100100002019
100100001797
100100001808
100100001531
100100000401
100100002097
100100000413
100100000457
900100002241
900100002242
100100000100
900100002243
100100001875
900100002244
100100001736
100100001829
100100001478
100100002032
900100002245
100100001599
100100001433
900100002246
100100000706
100100001219
100100001209
100100000754
900100002247
100100000370
900100002248
100100000938
100100000804
100100001632
900100002249
900100002250
900100002251
900100002252
100100001940
100100001992
900100002253
100100000531
100100001591
100100000591
900100002254
100100001871
900100002255
900100002256
100100001108
100100000823
900100002257
100100001355
100100002170
900100002258
100100001553
100100001379
100100000033
900100002259
900100002260
100100000281
100100001213
900100002261
100100001798
100100000192
900100002262
900100002263
100100001383
100100001082
100100002060
900100002264
100100002146
100100001932
100100001751
100100001964
900100002265
100100001208
100100001856
100100001207
900100002266
100100002020
100100000283
100100002084
100100001644
900100002267
900100002268
900100002269
100100001996
100100001672
100100000229
100100002062
100100001301
900100002270
900100002271
900100002272
100100001778
900100002273
100100001266
100100001251
900100002274
900100002275
900100002276
100100000433
100100001187
900100002277
100100000842
900100002278
900100002279
900100002280
900100002281
100100002118
100100001182
100100000252
100100002088
100100002122
900100002282
900100002283
900100002284
100100001659
100100000984
900100002285
900100002286
900100002287
900100002288
100100001571
900100002289
900100002290
900100002291
100100000561
100100000881
900100002292
100100001041
900100002293
900100002294
100100000157
100100000865
900100002295
900100002296
100100000999
900100002297
900100002298
100100001837
100100001545
900100002299
900100002300
100100000217
900100002301
100100001434
100100002139
900100002302
100100002165
900100002303
100100002200
900100002304
900100002305
100100000450
100100001566
100100002133
100100001140
900100002306
100100000443
100100000668
100100000010
900100002307
900100002308
100100001857
900100002309
900100002310
900100002311
900100002312
900100002313
100100001993
900100002314
100100001909
100100001360
100100000822
900100002315
100100002083
100100002173
100100002184
900100002316
100100000558
100100000894
900100002317
900100002318
900100002319
900100002320
900100002321
900100002322
100100000534
900100002323
900100002324
900100002325
900100002326
100100002038
100100001403
900100002327
100100001054
100100000228
900100002328
100100001058
100100002054
900100002329
900100002330
100100000339
100100001709
100100000254
900100002331
900100002332
900100002333
900100002334
100100002110
100100001512
900100002335
900100002336
100100000552
900100002337
100100002023
100100000077
900100002338
100100000685
900100002339
900100002340
900100002341
900100002342
100100001990
100100001451
900100002343
100100000359
100100001597
900100002344
900100002345
900100002346
900100002347
100100001633
100100000131
900100002348
900100002349
900100002350
900100002351
100100001165
900100002352
100100001997
900100002353
100100001405
900100002354
100100000882
900100002355
900100002356
100100000921
100100001247
100100000648
900100002357
900100002358
100100000003
900100002359
100100001551
900100002360
900100002361
900100002362
900100002363
100100001887
900100002364
900100002365
900100002366
100100000619
900100002367
900100002368
900100002369
900100002370
900100002371
100100001926
100100001711
100100001081
100100000611
900100002372
100100001272
900100002373
900100002374
100100000635
900100002375
900100002376
100100000139
900100002377
900100002378
900100002379
100100000101
900100002380
100100000084
900100002381
100100001115
900100002382
900100002383
100100002116
900100002384
100100000182
100100001718
900100002385
900100002386
900100002387
900100002388
900100002389
100100002087
900100002390
900100002391
900100002392
900100002393
900100002394
100100001415
100100001425
100100000607
900100002395
100100002168
900100002396
100100000601
900100002397
900100002398
900100002399
900100002400
100100000926
100100000085
900100002401
900100002402
100100001668
900100002403
900100002404
900100002405
900100002406
100100002012
100100001133
900100002407
900100002408
100100000963
100100001630
900100002409
900100002410
100100001836
900100002411
900100002412
900100002413
900100002414
100100000609
900100002415
900100002416
100100000320
100100002205
900100002417
100100001935
100100001863
900100002418
100100001677
900100002419
900100002420
900100002421
100100001764
100100001027
100100001148
900100002422
100100001973
900100002423
900100002424
900100002425
900100002426
900100002427
900100002428
900100002429
900100002430
100100000481
900100002431
900100002432
100100001913
900100002433
900100002434
900100002435
900100002436
100100002126
100100001705
100100002190
900100002437
900100002438
900100002439
900100002440
900100002441
900100002442
900100002443
100100002143
100100002043
900100002444
900100002445
900100002446
100100000382
100100001330
900100002447
900100002448
900100002449
100100001423
900100002450
900100002451
100100001190
100100001714
900100002452
900100002453
100100002176
900100002454
100100001315
900100002455
900100002456
900100002457
900100002458
100100001735
900100002459
900100002460
100100000476
100100001648
900100002461
900100002462
100100001202
900100002463
900100002464
900100002465
900100002466
100100000806
100100000682
100100001694
900100002467
900100002468
900100002469
900100002470
100100000184
900100002471
100100001667
100100000698
900100002472
100100002018
900100002473
900100002474
100100001601
900100002475
100100001124
900100002476
100100001183
900100002477
900100002478
900100002479
900100002480
900100002481
900100002482
900100002483
100100000155
900100002484
900100002485
900100002486
100100001153
900100002487
900100002488
900100002489
900100002490
900100002491
100100000792
900100002492
900100002493
900100002494
900100002495
100100001447
900100002496
900100002497
900100002498
900100002499
100100000242
900100002500
900100002501
900100002502
900100002503
900100002504
900100002505
900100002506
900100002507
100100001407
100100000807
900100002508
900100002509
900100002510
100100000565
900100002511
900100002512
100100001431
900100002513
900100002514
900100002515
100100000386
900100002516
100100001509
900100002517
900100002518
900100002519
900100002520
100100001372
900100002521
900100002522
900100002523
100100001192
900100002524
900100002525
900100002526
900100002527
900100002528
900100002529
900100002530
900100002531
900100002532
100100002037
900100002533
100100000052
100100000700
900100002534
900100002535
900100002536
900100002537
900100002538
900100002539
900100002540
900100002541
100100002028
900100002542
900100002543
100100000652
100100000068
100100001767
900100002544
900100002545
900100002546
900100002547
900100002548
900100002549
900100002550
900100002551
900100002552
900100002553
900100002554
900100002555
100100002121
100100000163
100100001457
900100002556
900100002557
900100002558
900100002559
900100002560
900100002561
900100002562
900100002563
100100000927
900100002564
900100002565
900100002566
900100002567
900100002568
900100002569
900100002570
900100002571
100100000618
900100002572
100100000181
900100002573
900100002574
900100002575
900100002576
900100002577
900100002578
100100001428
900100002579
100100000405
100100001417
900100002580
100100001828
900100002581
900100002582
900100002583
900100002584
100100000654
100100001827
900100002585
900100002586
100100001980
900100002587
900100002588
900100002589
900100002590
900100002591
900100002592
900100002593
900100002594
100100001170
100100000564
900100002595
900100002596
900100002597
900100002598
900100002599
900100002600
900100002601
900100002602
100100001952
900100002603
100100002158
100100002153
900100002604
100100000422
900100002605
900100002606
900100002607
100100001382
100100001043
900100002608
900100002609
100100002181
900100002610
900100002611
900100002612
900100002613
900100002614
900100002615
900100002616
900100002617
900100002618
900100002619
900100002620
900100002621
900100002622
900100002623
900100002624
900100002625
900100002626
900100002627
100100001962
900100002628
100100000991
900100002629
900100002630
900100002631
900100002632
900100002633
100100001967
900100002634
900100002635
100100000296
900100002636
900100002637
100100001186
900100002638
900100002639
900100002640
900100002641
100100000369
900100002642
900100002643
900100002644
900100002645
900100002646
100100000078
900100002647
900100002648
900100002649
900100002650
900100002651
100100000322
900100002652
900100002653
900100002654
900100002655
900100002656
900100002657
900100002658
900100002659
900100002660
900100002661
900100002662
900100002663
100100000442
900100002664
900100002665
900100002666
900100002667
900100002668
100100001286
100100000260
100100001564
900100002669
900100002670
900100002671
900100002672
900100002673
900100002674
900100002675
900100002676
900100002677
900100002678
900100002679
900100002680
100100001032
900100002681
900100002682
900100002683
900100002684
900100002685
900100002686
900100002687
900100002688
900100002689
900100002690
900100002691
100100001166
100100001136
900100002692
900100002693
900100002694
900100002695
900100002696
900100002697
900100002698
900100002699
900100002700
900100002701
900100002702
100100000249
100100002089
900100002703
100100001505
900100002704
900100002705
900100002706
900100002707
900100002708
900100002709
900100002710
900100002711
900100002712
900100002713
900100002714
900100002715
900100002716
900100002717
900100002718
900100002719
100100000251
900100002720
900100002721
900100002722
900100002723
100100001696
900100002724
900100002725
100100001594
900100002726
900100002727
900100002728
900100002729
100100000608
900100002730
900100002731
900100002732
900100002733
900100002734
100100000292
900100002735
900100002736
900100002737
100100001540
900100002738
100100002141
100100000234
900100002739
100100002197
100100001768
100100001245
900100002740
900100002741
900100002742
900100002743
900100002744
900100002745
900100002746
900100002747
100100001496
900100002748
900100002749
900100002750
100100001898
900100002751
900100002753
900100002754
900100002755
900100002756
100100001634
900100002757
900100002758
900100002759
900100002752
900100002760
900100002761
900100002762
900100002763
900100002764
900100002765
900100002766
900100002767
900100002768
900100002769
100100001802
900100002770
900100002771
900100002772
900100002773
900100002774
900100002775
900100002776
900100002777
900100002778
100100001995
100100000307
900100002779
900100002780
900100002781
900100002782
900100002783
900100002784
900100002785
900100002786
900100002787
900100002788
900100002789
100100001316
900100002790
900100002791
900100002792
100100001337
900100002793
900100002794
900100002795
900100002796
900100002797
900100002798
900100002799
900100002800
900100002801
900100002802
100100001610
900100002803
900100002804
900100002805
900100002806
900100002807
900100002808
900100002809
900100002810
900100002811
100100002178
900100002812
100100000210
900100002813
100100000625
900100002814
900100002815
100100002098
900100002816
900100002817
900100002818
900100002819
900100002820
900100002821
900100002822
900100002823
900100002824
900100002825
900100002826
900100002827
900100002828
900100002829
900100002830
900100002831
900100002832
900100002833
900100002834
900100002835
100100000885
900100002836
900100002837
900100002838
900100002839
900100002840
900100002841
900100002842
900100002843
900100002844
100100001801
900100002845
900100002846
900100002847
900100002848
900100002849
900100002850
900100002851
900100002852
900100002853
100100002076
900100002854
900100002855
900100002856
100100001975
100100001375
900100002857
900100002858
100100001331
900100002859
900100002860
900100002861
900100002862
900100002863
900100002864
900100002865
900100002866
900100002867
100100001981
900100002868
900100002869
900100002870
900100002871
900100002872
100100001233
900100002873
900100002874
900100002875
900100002876
100100000262
900100002877
900100002878
900100002879
900100002880
900100002881
900100002882
900100002883
900100002884
900100002885
900100002886
900100002887
900100002888
900100002889
900100002890
100100001771
900100002891
900100002892
900100002893
100100001901
900100002894
900100002895
900100002896
900100002897
900100002898
900100002899
900100002900
900100002901
900100002902
900100002903
900100002904
900100002905
900100002906
100100000603
900100002907
900100002908
900100002909
900100002910
900100002911
900100002912
100100000781
900100002913
900100002914
900100002915
900100002916
900100002917
900100002918
900100002919
900100002920
900100002921
900100002922
900100002923
900100002924
900100002925
900100002926
900100002927
900100002928
900100002929
900100002930
900100002931
900100002932
900100002933
900100002934
